+0.01701567-0.00000000i, +0.00049714-0.00079265i, +0.00134756+0.00041032i, +0.00064566+0.00004697i, +0.00006801-0.00114119i, +0.00034250-0.00027297i, -0.00008388+0.00016140i, +0.00007746+0.00021765i, +0.00009740-0.00025686i, -0.00015305+0.00023228i, +0.00062277+0.00020078i, +0.00082800+0.00024215i, +0.00000656-0.00007042i, +0.00032845-0.00034788i, +0.00028983+0.00087803i, -0.00004347-0.00025051i, +0.00093097-0.00070988i, -0.00053374-0.00025204i, +0.00036734+0.00038368i, -0.00045588-0.00034517i, +0.00001512-0.00056840i, -0.00041788-0.00020567i, +0.00042147-0.00031403i, +0.00030900+0.00081465i, +0.00062864+0.00047359i, +0.00006453+0.00015958i, -0.00022764+0.00045146i, +0.00014216+0.00023055i, -0.00071908-0.00082051i, +0.00073025+0.00009499i, -0.00062853+0.00024095i, -0.00078245+0.00028320i, -0.00025358+0.00072841i, +0.00065336+0.00015498i, -0.00002695+0.00028910i, -0.00004985+0.00010634i, +0.00041095+0.00047485i, -0.00049655+0.00017392i, +0.00027608+0.00006923i, +0.00026492-0.00011079i, +0.00022131+0.00032775i, +0.00085970+0.00022859i, +0.00013462+0.00067946i, -0.00016899+0.00004924i, +0.00054295-0.00046065i, -0.00036742-0.00022220i, -0.00113792+0.00063002i, -0.00041388-0.00047845i, +0.00010756+0.00070862i, +0.00057524-0.00008501i, +0.00011837+0.00002849i, +0.00014734+0.00075836i, +0.00042292-0.00046035i, -0.00044238+0.00003250i, +0.00047967+0.00006231i, -0.00016534-0.00056988i, +0.00037390+0.00021440i, +0.00084417-0.00052788i, -0.00012361-0.00021638i, -0.00000444-0.00042835i, +0.00026160+0.00008211i, +0.00032892+0.00018285i, -0.00016402+0.00042366i, +0.00040284+0.00039433i
+0.00049714+0.00079265i, +0.01566857+0.00000000i, +0.00051281+0.00055452i, +0.00035719+0.00022644i, +0.00017361-0.00034678i, +0.00032102-0.00013386i, +0.00003202-0.00014702i, +0.00015718-0.00002870i, +0.00011981-0.00006892i, +0.00007968+0.00005009i, -0.00005447+0.00017538i, +0.00024991+0.00014676i, -0.00007576-0.00004721i, +0.00045166-0.00009868i, -0.00027034+0.00054529i, -0.00028149-0.00014342i, +0.00014100+0.00012443i, +0.00023034-0.00048426i, -0.00001626+0.00037794i, -0.00015600-0.00015894i, +0.00021253-0.00007687i, -0.00034656-0.00002768i, +0.00026252+0.00006480i, +0.00008622+0.00031024i, +0.00014638+0.00033621i, +0.00022381+0.00023018i, -0.00002538+0.00007830i, +0.00007728+0.00005522i, -0.00011851-0.00043181i, +0.00005234+0.00015593i, -0.00034306+0.00000061i, -0.00036687-0.00007138i, -0.00044224+0.00012711i, +0.00044919+0.00071171i, +0.00000893+0.00018140i, -0.00002243+0.00000911i, +0.00003849+0.00018430i, -0.00023981+0.00016497i, +0.00006069+0.00009547i, +0.00013227-0.00006230i, +0.00003144+0.00016485i, +0.00035181+0.00033029i, -0.00007383+0.00017723i, -0.00014411+0.00007216i, +0.00022616-0.00008894i, +0.00017622-0.00019910i, -0.00066214+0.00006222i, -0.00027726-0.00039104i, -0.00006993+0.00032459i, +0.00029671+0.00010376i, +0.00023863+0.00002080i, -0.00023342+0.00059393i, +0.00021375+0.00001264i, -0.00009002-0.00028973i, +0.00012687+0.00022844i, -0.00005675-0.00026956i, +0.00005109+0.00005512i, +0.00051228-0.00027913i, +0.00013478-0.00027067i, +0.00009926-0.00022616i, -0.00001096+0.00011802i, +0.00002056+0.00017600i, -0.00018159+0.00000458i, +0.00016830+0.00030348i
+0.00134756-0.00041032i, +0.00051281-0.00055452i, +0.01628643-0.00000000i, +0.00060902-0.00009326i, -0.00039061-0.00070318i, +0.00036506-0.00008317i, +0.00021356+0.00020251i, +0.00005193+0.00008854i, -0.00014684-0.00028041i, -0.00010272+0.00022730i, +0.00066382-0.00029320i, +0.00083735+0.00001102i, +0.00034698+0.00007772i, +0.00035702-0.00056701i, +0.00043226+0.00079583i, -0.00017404-0.00009619i, +0.00009752-0.00039524i, -0.00040993+0.00001377i, +0.00087555-0.00019659i, -0.00042443-0.00035503i, -0.00017587-0.00044271i, -0.00040101+0.00002426i, +0.00056162-0.00051724i, +0.00044990+0.00039587i, +0.00049593+0.00030790i, +0.00023720+0.00020717i, +0.00005209+0.00037335i, +0.00029974+0.00005984i, -0.00089794-0.00041004i, +0.00068233+0.00002862i, -0.00032624+0.00061648i, -0.00057051+0.00040398i, -0.00040849+0.00030788i, +0.00068671-0.00007773i, +0.00060397+0.00043642i, -0.00013031+0.00016615i, +0.00023316+0.00026842i, -0.00034909+0.00035985i, +0.00022761+0.00003743i, +0.00017491-0.00033291i, +0.00023766+0.00017050i, +0.00073032-0.00005007i, +0.00039506+0.00063324i, -0.00006031+0.00014648i, +0.00023309-0.00033806i, -0.00040207-0.00006194i, -0.00098231+0.00096035i, -0.00046835-0.00030774i, +0.00023036+0.00037375i, +0.00046958-0.00011366i, +0.00028990+0.00009492i, +0.00029400+0.00079639i, +0.00033390-0.00038236i, -0.00048718+0.00007031i, +0.00042493+0.00000602i, -0.00034514-0.00042849i, +0.00026422-0.00005014i, +0.00056839-0.00061093i, -0.00045199-0.00037132i, -0.00012631-0.00040950i, -0.00005436-0.00001294i, +0.00051569+0.00023443i, -0.00007912+0.00018991i, +0.00046920+0.00014244i
+0.00064566-0.00004697i, +0.00035719-0.00022644i, +0.00060902+0.00009326i, +0.01590977-0.00000000i, -0.00014127-0.00071586i, +0.00053788-0.00028454i, +0.00011153+0.00003240i, +0.00006333+0.00031096i, +0.00018990-0.00019258i, -0.00003973+0.00014000i, +0.00032552-0.00008126i, +0.00065935+0.00006042i, +0.00007698+0.00031667i, +0.00022470-0.00024409i, +0.00012261+0.00055664i, +0.00008284+0.00014301i, +0.00022342-0.00009530i, -0.00020877-0.00000880i, +0.00030031+0.00011565i, +0.00018898-0.00064973i, +0.00002872-0.00024321i, -0.00018524-0.00004873i, +0.00022668-0.00006774i, +0.00044294+0.00015093i, +0.00027942+0.00029415i, -0.00020824+0.00006765i, -0.00010509+0.00026060i, +0.00009757+0.00023061i, -0.00029929-0.00032573i, +0.00039160+0.00013846i, -0.00025243+0.00009851i, -0.00051580+0.00026956i, -0.00015321-0.00001602i, +0.00030376+0.00016469i, +0.00013077+0.00014124i, +0.00022402+0.00021593i, -0.00001867+0.00012356i, -0.00020905+0.00010788i, +0.00021664+0.00016033i, +0.00019699-0.00024035i, +0.00003063-0.00003466i, +0.00052638-0.00003725i, +0.00005417+0.00029330i, +0.00015138+0.00019069i, +0.00008569-0.00021493i, -0.00015547-0.00008786i, -0.00053622+0.00039728i, -0.00056087-0.00030976i, -0.00004643+0.00007687i, +0.00037971+0.00010720i, +0.00027671-0.00002447i, +0.00008786+0.00064702i, +0.00026344-0.00012738i, -0.00023583+0.00003255i, +0.00019557+0.00013938i, -0.00001902-0.00018448i, +0.00023690+0.00000897i, +0.00035846-0.00016677i, +0.00017072-0.00023354i, -0.00001802-0.00014008i, -0.00006232-0.00003414i, +0.00004290+0.00016281i, -0.00006390+0.00016837i, +0.00014674+0.00032371i
+0.00006801+0.00114119i, +0.00017361+0.00034678i, -0.00039061+0.00070318i, -0.00014127+0.00071586i, +0.01604323-0.00000000i, +0.00052414-0.00017849i, -0.00006034+0.00005504i, -0.00018513+0.00004080i, +0.00000003-0.00006964i, -0.00008299-0.00018351i, +0.00012956+0.00058357i, -0.00008317+0.00054331i, -0.00024376+0.00005314i, +0.00013445+0.00022604i, -0.00057309+0.00022209i, +0.00007074+0.00005488i, +0.00029909+0.00016288i, +0.00013453-0.00036942i, -0.00016136+0.00006160i, +0.00025274-0.00031991i, +0.00065275-0.00026626i, +0.00013155-0.00043937i, +0.00011617+0.00021478i, -0.00031865+0.00016350i, -0.00038022-0.00001080i, -0.00019436-0.00012099i, -0.00023152-0.00014404i, -0.00021666+0.00001505i, +0.00031096-0.00053489i, -0.00038731+0.00069692i, -0.00011406-0.00033395i, -0.00024771-0.00048719i, -0.00023801-0.00036729i, -0.00014372+0.00043113i, -0.00021706-0.00003482i, -0.00012922-0.00001308i, -0.00010929+0.00051593i, -0.00001512-0.00032900i, +0.00004140+0.00038317i, +0.00032647+0.00030813i, +0.00007937+0.00020812i, -0.00011859+0.00059385i, -0.00032257+0.00013276i, -0.00018041+0.00001339i, +0.00011836-0.00001478i, +0.00009916-0.00022322i, -0.00049386-0.00069453i, +0.00037629-0.00039059i, -0.00021028+0.00014251i, +0.00003142+0.00028203i, -0.00002714+0.00004595i, -0.00051198+0.00001611i, +0.00052239+0.00033623i, -0.00011403-0.00024760i, -0.00016818+0.00032742i, +0.00052394-0.00020540i, +0.00001872+0.00030653i, +0.00031591+0.00058871i, +0.00013699-0.00010433i, +0.00028264-0.00002755i, +0.00025399+0.00009335i, -0.00013228+0.00028164i, -0.00004719-0.00021633i, -0.00015751+0.00025595i
+0.00034250+0.00027297i, +0.00032102+0.00013386i, +0.00036506+0.00008317i, +0.00053788+0.00028454i, +0.00052414+0.00017849i, +0.01570223-0.00000000i, -0.00008646+0.00019730i, +0.00011557+0.00029193i, +0.00017926+0.00005139i, -0.00015681-0.00002873i, +0.00008821+0.00028995i, +0.00025981+0.00035531i, +0.00016902-0.00003509i, +0.00032723-0.00006439i, -0.00011310+0.00029901i, -0.00000790+0.00008592i, +0.00025277-0.00015937i, -0.00006388-0.00021998i, +0.00008025+0.00011831i, -0.00007904-0.00012390i, +0.00020202-0.00027648i, -0.00001517-0.00044434i, +0.00052039-0.00011501i, -0.00003451+0.00040974i, -0.00012244+0.00022682i, -0.00015897-0.00015052i, -0.00035154+0.00006989i, +0.00015369+0.00019930i, -0.00035845-0.00042741i, +0.00010502+0.00040557i, -0.00017073+0.00001902i, -0.00036817-0.00014825i, -0.00037453+0.00003597i, +0.00012880+0.00019948i, -0.00005665+0.00014216i, -0.00009524+0.00009482i, -0.00005242+0.00041206i, -0.00017063+0.00008113i, +0.00012026+0.00016816i, +0.00025503-0.00004312i, +0.00012246+0.00022689i, +0.00048977+0.00048423i, -0.00033988+0.00043877i, -0.00005648+0.00013381i, +0.00037745-0.00008096i, -0.00027161-0.00014596i, -0.00067290+0.00009511i, -0.00019031-0.00056835i, -0.00005202+0.00018007i, +0.00038076+0.00025897i, +0.00030465+0.00010925i, -0.00028178+0.00047721i, +0.00026669+0.00004974i, -0.00011769-0.00014824i, +0.00022427+0.00002899i, +0.00007057-0.00030008i, +0.00013565+0.00017661i, +0.00070117-0.00000304i, +0.00011499-0.00012546i, +0.00003889-0.00026517i, -0.00011675-0.00003994i, +0.00014430+0.00044084i, -0.00017525+0.00015517i, +0.00001044+0.00032403i
-0.00008388-0.00016140i, +0.00003202+0.00014702i, +0.00021356-0.00020251i, +0.00011153-0.00003240i, -0.00006034-0.00005504i, -0.00008646-0.00019730i, +0.01540077-0.00000000i, +0.00024028+0.00036311i, +0.00007970-0.00001375i, +0.00021680+0.00001979i, +0.00007376+0.00003929i, +0.00028339-0.00004591i, -0.00006240+0.00006199i, -0.00002630-0.00022051i, +0.00013137+0.00032639i, -0.00002481-0.00020413i, -0.00011153-0.00036770i, -0.00021817-0.00002291i, +0.00021107-0.00016320i, -0.00012497-0.00008083i, -0.00009742-0.00001104i, +0.00001835-0.00000023i, +0.00027799-0.00025228i, +0.00010292-0.00010434i, +0.00026489-0.00004073i, -0.00008031-0.00001661i, +0.00022484+0.00024807i, +0.00002394-0.00011317i, -0.00017134+0.00003940i, +0.00002939-0.00019778i, -0.00012637+0.00003371i, -0.00028001+0.00029526i, -0.00002904-0.00009945i, +0.00005618-0.00001588i, +0.00024517+0.00012338i, -0.00002399+0.00011847i, +0.00014377-0.00013624i, +0.00010549+0.00022222i, +0.00042812+0.00029402i, -0.00004802+0.00006842i, +0.00007559+0.00003740i, +0.00019264-0.00013843i, -0.00011722+0.00030066i, +0.00010411+0.00000912i, -0.00001846-0.00007728i, -0.00014273+0.00002306i, -0.00000859+0.00011131i, -0.00001754+0.00006736i, -0.00006566-0.00018708i, +0.00001535-0.00011953i, +0.00006767-0.00026226i, +0.00011439+0.00000883i, -0.00006407-0.00018788i, -0.00014103+0.00019394i, +0.00005798+0.00007137i, -0.00028090-0.00006416i, +0.00006954-0.00005097i, -0.00000653-0.00014970i, -0.00018340-0.00012449i, -0.00003933-0.00009675i, +0.00009836-0.00002256i, +0.00019327+0.00000365i, +0.00006099+0.00002967i, +0.00000707+0.00005493i
+0.00007746-0.00021765i, +0.00015718+0.00002870i, +0.00005193-0.00008854i, +0.00006333-0.00031096i, -0.00018513-0.00004080i, +0.00011557-0.00029193i, +0.00024028-0.00036311i, +0.01532541-0.00000000i, -0.00009049+0.00007824i, -0.00005465-0.00012029i, +0.00005495-0.00001027i, +0.00026528+0.00007161i, -0.00019005+0.00006641i, -0.00008742-0.00023270i, +0.00013032+0.00010868i, -0.00007793+0.00005988i, -0.00002746-0.00004090i, -0.00008769-0.00023053i, +0.00009182-0.00004526i, +0.00010038-0.00026073i, +0.00004717-0.00018119i, -0.00002625+0.00013530i, +0.00009525+0.00005408i, +0.00016297-0.00022657i, +0.00029863-0.00005464i, +0.00016554-0.00004223i, +0.00022512+0.00000061i, +0.00015428+0.00024513i, -0.00014284-0.00003790i, +0.00027175-0.00008689i, -0.00027604-0.00005745i, -0.00041738-0.00002097i, -0.00008081+0.00002827i, +0.00010141+0.00010296i, -0.00000282+0.00005598i, +0.00013295+0.00000537i, +0.00007834-0.00006178i, -0.00015232-0.00002255i, +0.00018561-0.00000179i, +0.00021113+0.00026530i, +0.00018979-0.00001664i, +0.00002206+0.00002414i, +0.00007166+0.00002141i, -0.00034656+0.00004227i, -0.00002548-0.00013773i, -0.00001608-0.00004661i, -0.00003315+0.00014975i, -0.00028828-0.00004940i, +0.00005309-0.00013255i, +0.00017688+0.00003968i, -0.00005980+0.00003552i, +0.00024053-0.00004332i, +0.00009779-0.00004837i, +0.00015151-0.00011043i, +0.00006819-0.00015664i, -0.00009176+0.00013263i, +0.00002201+0.00006412i, +0.00012044-0.00004420i, +0.00003858+0.00002675i, -0.00010190-0.00009035i, +0.00001052-0.00008857i, +0.00019308+0.00000833i, -0.00004720+0.00005516i, +0.00035930+0.00024465i
+0.00009740+0.00025686i, +0.00011981+0.00006892i, -0.00014684+0.00028041i, +0.00018990+0.00019258i, +0.00000003+0.00006964i, +0.00017926-0.00005139i, +0.00007970+0.00001375i, -0.00009049-0.00007824i, +0.01530267-0.00000000i, +0.00002489-0.00045145i, +0.00027162+0.00000811i, +0.00009466+0.00010172i, -0.00015881-0.00006398i, +0.00008589-0.00015111i, +0.00006542+0.00018023i, -0.00005687-0.00019879i, +0.00004005+0.00030636i, +0.00002518+0.00000808i, -0.00005273+0.00014591i, -0.00007816+0.00014751i, -0.00031519+0.00006831i, -0.00005888-0.00011387i, -0.00001612+0.00005936i, -0.00000302+0.00020070i, -0.00021814+0.00023927i, -0.00017364+0.00007333i, -0.00009247+0.00001044i, -0.00005606+0.00006729i, -0.00000698+0.00000703i, +0.00002183+0.00011574i, -0.00016030+0.00002238i, +0.00000100-0.00015181i, -0.00000580+0.00009536i, -0.00009465+0.00007156i, -0.00000349+0.00007741i, -0.00003827-0.00005126i, +0.00016294+0.00034788i, +0.00002873-0.00000766i, +0.00000654+0.00017695i, +0.00003978-0.00011605i, +0.00042723+0.00046882i, +0.00023785+0.00010420i, -0.00011393-0.00006799i, -0.00010831+0.00008596i, +0.00030105-0.00000024i, +0.00003067-0.00013183i, -0.00009107+0.00005794i, +0.00003699-0.00010589i, +0.00009705+0.00019327i, -0.00008788-0.00000420i, +0.00018589+0.00012525i, -0.00003999-0.00001505i, +0.00021054-0.00010401i, -0.00012923-0.00017526i, +0.00004277+0.00008575i, +0.00005874-0.00005681i, +0.00013710-0.00018073i, -0.00002518-0.00000534i, +0.00008348+0.00008285i, +0.00002717-0.00010361i, +0.00003646+0.00019030i, +0.00001819-0.00002173i, -0.00011301-0.00007295i, -0.00015853+0.00014012i
-0.00015305-0.00023228i, +0.00007968-0.00005009i, -0.00010272-0.00022730i, -0.00003973-0.00014000i, -0.00008299+0.00018351i, -0.00015681+0.00002873i, +0.00021680-0.00001979i, -0.00005465+0.00012029i, +0.00002489+0.00045145i, +0.01482853+0.00000000i, +0.00016492+0.00011969i, +0.00001866-0.00010325i, -0.00005258+0.00002245i, +0.00007440-0.00016971i, +0.00018612+0.00017096i, -0.00029706-0.00003269i, -0.00018360-0.00007901i, -0.00008622+0.00054462i, -0.00002379+0.00012493i, -0.00018140+0.00002710i, -0.00013852-0.00011828i, +0.00008558+0.00010398i, -0.00006591+0.00006268i, +0.00001973+0.00014476i, +0.00006963+0.00000957i, -0.00004206+0.00008778i, -0.00000594-0.00009608i, -0.00009326-0.00005047i, -0.00010281+0.00010716i, +0.00010169-0.00016444i, -0.00010298-0.00000372i, +0.00007182+0.00001883i, +0.00011880+0.00009448i, -0.00005485+0.00008461i, +0.00003901-0.00000808i, -0.00001878+0.00004953i, -0.00004389+0.00000493i, +0.00010709+0.00029161i, -0.00001430-0.00013823i, -0.00003439+0.00009133i, +0.00002748+0.00006839i, +0.00010029-0.00003293i, +0.00014437+0.00007121i, +0.00006399+0.00003675i, -0.00007653-0.00003881i, +0.00013282+0.00011609i, +0.00008817+0.00005364i, +0.00004284-0.00002695i, +0.00005516-0.00000689i, +0.00011372+0.00024352i, -0.00001036+0.00003241i, +0.00006927-0.00009893i, +0.00000097-0.00005744i, -0.00000613+0.00004634i, +0.00015256-0.00004383i, -0.00015931+0.00019402i, +0.00008436-0.00008426i, +0.00000717-0.00029846i, -0.00006434+0.00008268i, -0.00018806-0.00003804i, +0.00003628-0.00000929i, -0.00000810-0.00007661i, +0.00008847-0.00003970i, -0.00001471+0.00002928i
+0.00062277-0.00020078i, -0.00005447-0.00017538i, +0.00066382+0.00029320i, +0.00032552+0.00008126i, +0.00012956-0.00058357i, +0.00008821-0.00028995i, +0.00007376-0.00003929i, +0.00005495+0.00001027i, +0.00027162-0.00000811i, +0.00016492-0.00011969i, +0.01548830-0.00000000i, +0.00032833+0.00033965i, +0.00020555+0.00005847i, +0.00005162-0.00044968i, +0.00035640+0.00060603i, -0.00013362-0.00016551i, +0.00011674-0.00022766i, -0.00033878+0.00015799i, -0.00001108+0.00023830i, -0.00030999-0.00007645i, -0.00005506-0.00031996i, -0.00015167-0.00030899i, +0.00026935-0.00007139i, +0.00024055+0.00040443i, +0.00010813+0.00021079i, +0.00005306+0.00009336i, -0.00019895+0.00039316i, +0.00010432+0.00016968i, -0.00027791-0.00034968i, +0.00028727+0.00010633i, -0.00039574+0.00034327i, -0.00033956+0.00012992i, -0.00018877+0.00015086i, +0.00027314+0.00009599i, +0.00001663+0.00037853i, +0.00005142+0.00014618i, +0.00003455+0.00000008i, -0.00013837+0.00012362i, +0.00037696-0.00019143i, +0.00014643+0.00002668i, +0.00014379+0.00010298i, +0.00056483+0.00004599i, +0.00053044+0.00089642i, +0.00002403+0.00013147i, -0.00006091-0.00018633i, -0.00007860+0.00000099i, -0.00058696+0.00052036i, -0.00030887-0.00023297i, +0.00010085+0.00032811i, +0.00020695+0.00002562i, +0.00004792+0.00024968i, +0.00005479+0.00025304i, +0.00021387-0.00034130i, -0.00032540+0.00009159i, +0.00008985+0.00009305i, -0.00007529-0.00022271i, +0.00019324+0.00028989i, +0.00030548-0.00019529i, -0.00038194-0.00011734i, -0.00004437-0.00037699i, -0.00016407-0.00016933i, +0.00022251+0.00010931i, +0.00004755+0.00004489i, +0.00030952-0.00002410i
+0.00082800-0.00024215i, +0.00024991-0.00014676i, +0.00083735-0.00001102i, +0.00065935-0.00006042i, -0.00008317-0.00054331i, +0.00025981-0.00035531i, +0.00028339+0.00004591i, +0.00026528-0.00007161i, +0.00009466-0.00010172i, +0.00001866+0.00010325i, +0.00032833-0.00033965i, +0.01615158+0.00000000i, +0.00019979+0.00034410i, +0.00014072-0.00053083i, +0.00027012+0.00082597i, +0.00009954-0.00011304i, +0.00030930-0.00030485i, -0.00027757-0.00016728i, +0.00030449+0.00018160i, -0.00042007+0.00005524i, -0.00013606-0.00042203i, -0.00041678+0.00021107i, +0.00001060-0.00003046i, +0.00052898+0.00044718i, +0.00051522+0.00038068i, +0.00000311+0.00018645i, -0.00008844+0.00021945i, -0.00006423+0.00001831i, -0.00079701-0.00011899i, +0.00047197-0.00005118i, -0.00024042+0.00027944i, -0.00077869+0.00059032i, -0.00038427+0.00017544i, +0.00056273+0.00011219i, +0.00017554+0.00018979i, -0.00006160+0.00017303i, +0.00042473+0.00003431i, -0.00033480+0.00005885i, +0.00016575+0.00008016i, +0.00018711-0.00058479i, +0.00015646+0.00006346i, +0.00076977-0.00000352i, +0.00032062+0.00046826i, +0.00037846+0.00052539i, -0.00022552-0.00016811i, -0.00019140-0.00017048i, -0.00053784+0.00079558i, -0.00057563-0.00004627i, +0.00028550+0.00017535i, +0.00040041+0.00001761i, +0.00004738-0.00000577i, +0.00044349+0.00088719i, +0.00000168-0.00058286i, -0.00018534-0.00002917i, +0.00030845+0.00005114i, -0.00042642-0.00035147i, +0.00019667-0.00017861i, +0.00044704-0.00053723i, -0.00030734-0.00015384i, -0.00021750-0.00049340i, +0.00012039-0.00027588i, +0.00038229+0.00020109i, -0.00005761+0.00027657i, +0.00052223-0.00001429i
+0.00000656+0.00007042i, -0.00007576+0.00004721i, +0.00034698-0.00007772i, +0.00007698-0.00031667i, -0.00024376-0.00005314i, +0.00016902+0.00003509i, -0.00006240-0.00006199i, -0.00019005-0.00006641i, -0.00015881+0.00006398i, -0.00005258-0.00002245i, +0.00020555-0.00005847i, +0.00019979-0.00034410i, +0.01539291-0.00000000i, +0.00010457-0.00040642i, +0.00000605+0.00004067i, -0.00010514-0.00003914i, -0.00019297-0.00025459i, -0.00003663+0.00003346i, +0.00001865-0.00013464i, -0.00002353+0.00008700i, +0.00013519-0.00023751i, -0.00020465-0.00026892i, +0.00014367-0.00007043i, -0.00004805-0.00019333i, -0.00010932+0.00022049i, -0.00000966+0.00007234i, +0.00013840+0.00024750i, +0.00006202+0.00011951i, -0.00047140+0.00030655i, +0.00012588-0.00005749i, +0.00001284+0.00023092i, -0.00000361+0.00002725i, -0.00014898+0.00030216i, +0.00000471-0.00003357i, +0.00005856+0.00008291i, -0.00018423+0.00001197i, +0.00006223-0.00020137i, +0.00006703-0.00000531i, -0.00001758-0.00012551i, -0.00007431+0.00002741i, -0.00015082+0.00020846i, +0.00020849+0.00006659i, -0.00004658+0.00011423i, -0.00003652-0.00003157i, +0.00056634+0.00031557i, +0.00003394+0.00014244i, -0.00003359+0.00022976i, -0.00006059-0.00015072i, +0.00010204+0.00001965i, +0.00024048-0.00010569i, +0.00004200+0.00007270i, +0.00002995+0.00022817i, -0.00008230-0.00035923i, -0.00012778+0.00011813i, +0.00002109+0.00001217i, +0.00001469+0.00013583i, +0.00014233-0.00002372i, -0.00002349-0.00003072i, -0.00014374-0.00009396i, -0.00009332-0.00006426i, -0.00024906-0.00007264i, -0.00003771+0.00004579i, -0.00003620-0.00007087i, +0.00010974-0.00014534i
+0.00032845+0.00034788i, +0.00045166+0.00009868i, +0.00035702+0.00056701i, +0.00022470+0.00024409i, +0.00013445-0.00022604i, +0.00032723+0.00006439i, -0.00002630+0.00022051i, -0.00008742+0.00023270i, +0.00008589+0.00015111i, +0.00007440+0.00016971i, +0.00005162+0.00044968i, +0.00014072+0.00053083i, +0.00010457+0.00040642i, +0.01544461-0.00000000i, -0.00039691+0.00037856i, -0.00005419-0.00001924i, +0.00032562+0.00026068i, -0.00015817-0.00040036i, +0.00002550+0.00035361i, +0.00004190-0.00044024i, +0.00032434-0.00029269i, -0.00020739-0.00048695i, +0.00020177+0.00003447i, -0.00018722+0.00049565i, -0.00005960+0.00045465i, -0.00015581+0.00025163i, -0.00020053+0.00006100i, +0.00017976+0.00006872i, -0.00015890-0.00057979i, +0.00003692+0.00061178i, +0.00001312-0.00025724i, -0.00032453-0.00017766i, -0.00033543+0.00001048i, +0.00011401+0.00066890i, -0.00016677+0.00019227i, -0.00010133-0.00012345i, +0.00012059+0.00034155i, -0.00010747-0.00026287i, -0.00005193+0.00024553i, +0.00024480-0.00000796i, -0.00006547+0.00007744i, +0.00006204+0.00058713i, -0.00037889+0.00039021i, -0.00011994-0.00014625i, +0.00027500+0.00007361i, +0.00030494+0.00003518i, -0.00078715-0.00011076i, -0.00008249-0.00045065i, +0.00000586+0.00031082i, +0.00023620+0.00027211i, -0.00015493+0.00018505i, -0.00020230+0.00042897i, +0.00021326-0.00004642i, -0.00013753-0.00064334i, +0.00019420+0.00012671i, +0.00028844-0.00033209i, +0.00000101+0.00013863i, +0.00069020-0.00003176i, +0.00010061-0.00017984i, +0.00011212-0.00010753i, +0.00006742+0.00001283i, -0.00018520+0.00018802i, -0.00012534+0.00006797i, +0.00003940+0.00035229i
+0.00028983-0.00087803i, -0.00027034-0.00054529i, +0.00043226-0.00079583i, +0.00012261-0.00055664i, -0.00057309-0.00022209i, -0.00011310-0.00029901i, +0.00013137-0.00032639i, +0.00013032-0.00010868i, +0.00006542-0.00018023i, +0.00018612-0.00017096i, +0.00035640-0.00060603i, +0.00027012-0.00082597i, +0.00000605-0.00004067i, -0.00039691-0.00037856i, +0.01581384-0.00000000i, -0.00009976+0.00054801i, -0.00036862-0.00042422i, -0.00033346+0.00030673i, +0.00034184-0.00017303i, -0.00033707+0.00020867i, -0.00029956-0.00012158i, -0.00019697+0.00021938i, -0.00013954-0.00057891i, +0.00068724-0.00036751i, +0.00058091-0.00010555i, +0.00023096-0.00002261i, +0.00022195+0.00030367i, +0.00001727-0.00002452i, -0.00049871+0.00055752i, +0.00045842-0.00065784i, -0.00038860+0.00089427i, +0.00024199+0.00050376i, +0.00019958+0.00044377i, +0.00030662-0.00049585i, +0.00035035-0.00017021i, +0.00018854+0.00006500i, +0.00017909-0.00023753i, +0.00010077+0.00048708i, +0.00017077-0.00023143i, -0.00004914-0.00010623i, +0.00022676-0.00016793i, +0.00046373-0.00067556i, +0.00078940+0.00022276i, +0.00020943+0.00010298i, -0.00039929-0.00016870i, -0.00024409+0.00015919i, +0.00089925+0.00135481i, -0.00072161+0.00033465i, +0.00035906+0.00003521i, -0.00003611-0.00048124i, +0.00005265-0.00007789i, +0.00059613+0.00001811i, -0.00035963-0.00024198i, -0.00016212+0.00040350i, +0.00003955-0.00039564i, -0.00038888-0.00009620i, +0.00008124-0.00021287i, -0.00037439-0.00061682i, -0.00026770+0.00016823i, -0.00026025-0.00010730i, -0.00003825-0.00010518i, +0.00022113-0.00028286i, +0.00006291+0.00028165i, +0.00031062-0.00034188i
-0.00004347+0.00025051i, -0.00028149+0.00014342i, -0.00017404+0.00009619i, +0.00008284-0.00014301i, +0.00007074-0.00005488i, -0.00000790-0.00008592i, -0.00002481+0.00020413i, -0.00007793-0.00005988i, -0.00005687+0.00019879i, -0.00029706+0.00003269i, -0.00013362+0.00016551i, +0.00009954+0.00011304i, -0.00010514+0.00003914i, -0.00005419+0.00001924i, -0.00009976-0.00054801i, +0.01523808-0.00000000i, -0.00000085-0.00004687i, +0.00007333-0.00017571i, +0.00003485-0.00008462i, +0.00040631-0.00020913i, -0.00009506-0.00011086i, -0.00003107-0.00006282i, -0.00020063-0.00021725i, -0.00017121-0.00060560i, -0.00004930+0.00006767i, -0.00020197+0.00015186i, +0.00000497-0.00002867i, -0.00006621+0.00010879i, +0.00021526-0.00019398i, -0.00013372+0.00015539i, -0.00001063-0.00005277i, -0.00032551+0.00011336i, +0.00017125-0.00022314i, -0.00003411+0.00002621i, -0.00004961-0.00007777i, +0.00003766-0.00023439i, -0.00007581+0.00011145i, +0.00009549-0.00016796i, -0.00000582+0.00000058i, +0.00002360-0.00018740i, -0.00000910-0.00010157i, +0.00002318+0.00001605i, -0.00004468-0.00016324i, +0.00027347+0.00020453i, -0.00011830-0.00015609i, -0.00001080-0.00012812i, +0.00011444-0.00018554i, +0.00051361+0.00031287i, -0.00001327-0.00030904i, -0.00014325+0.00017618i, +0.00014223-0.00008916i, -0.00020583-0.00005748i, +0.00001402+0.00013437i, -0.00003182+0.00005676i, -0.00017789+0.00005392i, +0.00006404-0.00017545i, -0.00008780+0.00008804i, -0.00000961+0.00029728i, +0.00005918-0.00001979i, +0.00022702+0.00024746i, -0.00005512-0.00003191i, -0.00009956+0.00025662i, -0.00003641-0.00026657i, +0.00008530-0.00007980i
+0.00093097+0.00070988i, +0.00014100-0.00012443i, +0.00009752+0.00039524i, +0.00022342+0.00009530i, +0.00029909-0.00016288i, +0.00025277+0.00015937i, -0.00011153+0.00036770i, -0.00002746+0.00004090i, +0.00004005-0.00030636i, -0.00018360+0.00007901i, +0.00011674+0.00022766i, +0.00030930+0.00030485i, -0.00019297+0.00025459i, +0.00032562-0.00026068i, -0.00036862+0.00042422i, -0.00000085+0.00004687i, +0.01590049+0.00000000i, -0.00003805-0.00078861i, +0.00041656+0.00028979i, +0.00022274-0.00030948i, +0.00036773-0.00032713i, -0.00020199-0.00012340i, -0.00010141-0.00011534i, -0.00019398+0.00056852i, -0.00004904+0.00048716i, +0.00003087-0.00003336i, -0.00036540+0.00002184i, -0.00027748+0.00003296i, +0.00002140-0.00049876i, +0.00014522+0.00016314i, -0.00052876-0.00024391i, -0.00043081-0.00004591i, -0.00037690+0.00015121i, +0.00011380+0.00024523i, -0.00033161+0.00019440i, -0.00009115-0.00007350i, +0.00009208+0.00017591i, -0.00029969-0.00012496i, +0.00010326+0.00018664i, +0.00009720+0.00003390i, -0.00022529+0.00012155i, -0.00000134+0.00029612i, -0.00023398+0.00031084i, -0.00016056+0.00005515i, +0.00029174-0.00012774i, -0.00012024-0.00024712i, -0.00055000-0.00000732i, -0.00000486-0.00042103i, +0.00008298+0.00025776i, +0.00031671+0.00016497i, -0.00013367+0.00012629i, -0.00006426+0.00039926i, +0.00050194-0.00005949i, -0.00009319-0.00029257i, +0.00006846+0.00013786i, +0.00009790-0.00033144i, -0.00003151+0.00028389i, +0.00049565+0.00012991i, +0.00001187-0.00007936i, +0.00020723-0.00025507i, +0.00026229-0.00013271i, -0.00006333+0.00020716i, -0.00021752+0.00023269i, +0.00001478+0.00022354i
-0.00053374+0.00025204i, +0.00023034+0.00048426i, -0.00040993-0.00001377i, -0.00020877+0.00000880i, +0.00013453+0.00036942i, -0.00006388+0.00021998i, -0.00021817+0.00002291i, -0.00008769+0.00023053i, +0.00002518-0.00000808i, -0.00008622-0.00054462i, -0.00033878-0.00015799i, -0.00027757+0.00016728i, -0.00003663-0.00003346i, -0.00015817+0.00040036i, -0.00033346-0.00030673i, +0.00007333+0.00017571i, -0.00003805+0.00078861i, +0.01517751+0.00000000i, -0.00012995+0.00027095i, +0.00039136+0.00006481i, +0.00015545+0.00019333i, +0.00009924-0.00006143i, -0.00001832-0.00020417i, -0.00000097-0.00008332i, -0.00037830-0.00006097i, +0.00007725+0.00000873i, +0.00006837-0.00015775i, +0.00004410-0.00006780i, +0.00045324+0.00006947i, -0.00028974-0.00002064i, +0.00023342-0.00023369i, +0.00021156-0.00024836i, -0.00014864-0.00040374i, -0.00035042+0.00011961i, -0.00010489-0.00008771i, -0.00008039-0.00023576i, -0.00000908-0.00002411i, +0.00031777-0.00004991i, -0.00027017+0.00004957i, +0.00003494+0.00012960i, -0.00019498+0.00003919i, -0.00065486+0.00007842i, -0.00016608-0.00016382i, -0.00001821-0.00005416i, +0.00012960+0.00016350i, +0.00005452+0.00006713i, +0.00023773-0.00044269i, +0.00014740+0.00011350i, -0.00012256+0.00010418i, -0.00041019-0.00017469i, +0.00003104-0.00011905i, -0.00022276-0.00020013i, +0.00004718+0.00016464i, +0.00024525+0.00001874i, -0.00008333-0.00004634i, +0.00026746+0.00010975i, -0.00012821-0.00002741i, -0.00027861+0.00032514i, +0.00009932+0.00003272i, +0.00009688+0.00001887i, -0.00006283+0.00001551i, +0.00004130+0.00000662i, +0.00006783-0.00009955i, -0.00022956-0.00004280i
+0.00036734-0.00038368i, -0.00001626-0.00037794i, +0.00087555+0.00019659i, +0.00030031-0.00011565i, -0.00016136-0.00006160i, +0.00008025-0.00011831i, +0.00021107+0.00016320i, +0.00009182+0.00004526i, -0.00005273-0.00014591i, -0.00002379-0.00012493i, -0.00001108-0.00023830i, +0.00030449-0.00018160i, +0.00001865+0.00013464i, +0.00002550-0.00035361i, +0.00034184+0.00017303i, +0.00003485+0.00008462i, +0.00041656-0.00028979i, -0.00012995-0.00027095i, +0.01555417+0.00000000i, -0.00014095+0.00008937i, -0.00035592-0.00018547i, -0.00020615+0.00038755i, -0.00020073-0.00016251i, +0.00025502+0.00012802i, +0.00033193+0.00021434i, +0.00010524+0.00000775i, -0.00011912+0.00012490i, +0.00003882+0.00020538i, -0.00036340-0.00024406i, -0.00001246+0.00007374i, -0.00014329-0.00002817i, -0.00014908+0.00013371i, -0.00017995+0.00034074i, +0.00026467-0.00015575i, -0.00000917-0.00007980i, +0.00004667-0.00007084i, +0.00015186+0.00014303i, +0.00000280-0.00007161i, -0.00005999-0.00002255i, -0.00015749-0.00025250i, -0.00001530+0.00010305i, +0.00035316-0.00012406i, -0.00000798+0.00033902i, +0.00002494-0.00011306i, +0.00008800-0.00023337i, -0.00023629+0.00014126i, -0.00016455+0.00020772i, -0.00019234-0.00012370i, +0.00012675-0.00005318i, +0.00017257-0.00012765i, +0.00010357-0.00027841i, +0.00022480+0.00019782i, -0.00009278-0.00024499i, -0.00025788+0.00032678i, +0.00004493-0.00013170i, -0.00021283-0.00005789i, -0.00012910-0.00011968i, +0.00005804-0.00033476i, -0.00024189-0.00005793i, -0.00006223-0.00006585i, +0.00012961+0.00002140i, +0.00005159-0.00010244i, -0.00011108+0.00000403i, +0.00007261+0.00014023i
-0.00045588+0.00034517i, -0.00015600+0.00015894i, -0.00042443+0.00035503i, +0.00018898+0.00064973i, +0.00025274+0.00031991i, -0.00007904+0.00012390i, -0.00012497+0.00008083i, +0.00010038+0.00026073i, -0.00007816-0.00014751i, -0.00018140-0.00002710i, -0.00030999+0.00007645i, -0.00042007-0.00005524i, -0.00002353-0.00008700i, +0.00004190+0.00044024i, -0.00033707-0.00020867i, +0.00040631+0.00020913i, +0.00022274+0.00030948i, +0.00039136-0.00006481i, -0.00014095-0.00008937i, +0.01577824+0.00000000i, +0.00019309-0.00015205i, +0.00035939-0.00014598i, +0.00000198-0.00006875i, -0.00060777-0.00006167i, -0.00045471+0.00015026i, -0.00000157-0.00026871i, -0.00008027-0.00004771i, -0.00030755+0.00011564i, +0.00038765-0.00037273i, -0.00011157+0.00034040i, +0.00005010-0.00024870i, +0.00015015-0.00057656i, +0.00011265-0.00030883i, -0.00020387+0.00016985i, -0.00016223-0.00008265i, +0.00020341-0.00006987i, -0.00025921-0.00019744i, -0.00009479-0.00021445i, -0.00001377+0.00007519i, +0.00007733+0.00019798i, -0.00007997-0.00003409i, -0.00017864+0.00014248i, -0.00030230-0.00030656i, -0.00020870-0.00001329i, +0.00005554+0.00030084i, +0.00014026-0.00009491i, +0.00011297-0.00044202i, +0.00038385-0.00003470i, +0.00004557-0.00004140i, -0.00017383+0.00001388i, -0.00008463+0.00003905i, -0.00059429-0.00046026i, -0.00011560+0.00017164i, +0.00031006-0.00020640i, -0.00023444+0.00006942i, +0.00028800+0.00005933i, +0.00000642+0.00002569i, -0.00017012+0.00060117i, +0.00033995+0.00018974i, +0.00005713+0.00022233i, -0.00010374-0.00013182i, -0.00032024-0.00001790i, -0.00000369-0.00019668i, -0.00041713+0.00003467i
+0.00001512+0.00056840i, +0.00021253+0.00007687i, -0.00017587+0.00044271i, +0.00002872+0.00024321i, +0.00065275+0.00026626i, +0.00020202+0.00027648i, -0.00009742+0.00001104i, +0.00004717+0.00018119i, -0.00031519-0.00006831i, -0.00013852+0.00011828i, -0.00005506+0.00031996i, -0.00013606+0.00042203i, +0.00013519+0.00023751i, +0.00032434+0.00029269i, -0.00029956+0.00012158i, -0.00009506+0.00011086i, +0.00036773+0.00032713i, +0.00015545-0.00019333i, -0.00035592+0.00018547i, +0.00019309+0.00015205i, +0.01590565-0.00000000i, +0.00017388-0.00059525i, +0.00010463+0.00017603i, -0.00043867+0.00017987i, +0.00000880+0.00043353i, +0.00003876-0.00001418i, -0.00028852+0.00003215i, -0.00007105+0.00003438i, +0.00037589-0.00060566i, -0.00008723+0.00020544i, -0.00005990-0.00012873i, -0.00010573-0.00025679i, -0.00038005-0.00015218i, +0.00004370+0.00041808i, -0.00016762+0.00015959i, -0.00005729-0.00003959i, -0.00019450+0.00007330i, -0.00010576+0.00001377i, -0.00003213+0.00032271i, +0.00012144+0.00032527i, -0.00011337+0.00013256i, -0.00021145+0.00053357i, -0.00032304+0.00001515i, -0.00024935+0.00007406i, +0.00042047+0.00004160i, -0.00002343-0.00012095i, -0.00044304-0.00056974i, +0.00013647-0.00028851i, -0.00040901+0.00032906i, +0.00017523+0.00027782i, -0.00018627+0.00004366i, -0.00046226+0.00023378i, +0.00026900+0.00023097i, +0.00009895-0.00034708i, +0.00021040+0.00008090i, +0.00019309-0.00020761i, +0.00009779+0.00041031i, +0.00023834+0.00039130i, +0.00001736-0.00007226i, +0.00027755-0.00011309i, +0.00006707+0.00006755i, -0.00016246+0.00013242i, -0.00001080-0.00014244i, -0.00015854+0.00023165i
-0.00041788+0.00020567i, -0.00034656+0.00002768i, -0.00040101-0.00002426i, -0.00018524+0.00004873i, +0.00013155+0.00043937i, -0.00001517+0.00044434i, +0.00001835+0.00000023i, -0.00002625-0.00013530i, -0.00005888+0.00011387i, +0.00008558-0.00010398i, -0.00015167+0.00030899i, -0.00041678-0.00021107i, -0.00020465+0.00026892i, -0.00020739+0.00048695i, -0.00019697-0.00021938i, -0.00003107+0.00006282i, -0.00020199+0.00012340i, +0.00009924+0.00006143i, -0.00020615-0.00038755i, +0.00035939+0.00014598i, +0.00017388+0.00059525i, +0.01543814-0.00000000i, -0.00010135+0.00017082i, -0.00025380-0.00021682i, -0.00020373-0.00020969i, +0.00003958+0.00014421i, -0.00000067-0.00042562i, +0.00007658+0.00004616i, +0.00045561+0.00013428i, -0.00034411+0.00014058i, -0.00005976+0.00002911i, +0.00024634-0.00028995i, +0.00045456-0.00016451i, -0.00043384-0.00010123i, -0.00010711-0.00022868i, +0.00001035-0.00011368i, -0.00030239-0.00010651i, +0.00010354-0.00013249i, -0.00018415-0.00007847i, +0.00000948+0.00025190i, -0.00011500-0.00011593i, -0.00050452+0.00017115i, -0.00012265-0.00035444i, -0.00006055+0.00002124i, -0.00002690+0.00027594i, +0.00030864+0.00006975i, +0.00036972-0.00031729i, +0.00027746+0.00017237i, -0.00019793-0.00023368i, -0.00042958+0.00017508i, -0.00009398-0.00014022i, -0.00015792-0.00043886i, +0.00001185+0.00032541i, -0.00009886-0.00036720i, -0.00031951+0.00005133i, +0.00025578+0.00003963i, -0.00028369-0.00000939i, -0.00013828+0.00036654i, +0.00001632+0.00024705i, -0.00015508+0.00014424i, -0.00003560+0.00006836i, +0.00002585-0.00009958i, +0.00016476-0.00016011i, -0.00002775+0.00003402i
+0.00042147+0.00031403i, +0.00026252-0.00006480i, +0.00056162+0.00051724i, +0.00022668+0.00006774i, +0.00011617-0.00021478i, +0.00052039+0.00011501i, +0.00027799+0.00025228i, +0.00009525-0.00005408i, -0.00001612-0.00005936i, -0.00006591-0.00006268i, +0.00026935+0.00007139i, +0.00001060+0.00003046i, +0.00014367+0.00007043i, +0.00020177-0.00003447i, -0.00013954+0.00057891i, -0.00020063+0.00021725i, -0.00010141+0.00011534i, -0.00001832+0.00020417i, -0.00020073+0.00016251i, +0.00000198+0.00006875i, +0.00010463-0.00017603i, -0.00010135-0.00017082i, +0.01558435-0.00000000i, +0.00022195+0.00048395i, -0.00026656-0.00020767i, -0.00018111+0.00020455i, -0.00012963+0.00000239i, -0.00002264+0.00005936i, -0.00011483-0.00022091i, +0.00005850+0.00033700i, -0.00033688-0.00009155i, -0.00029623+0.00018935i, -0.00004666+0.00008168i, +0.00012454+0.00023247i, +0.00010412-0.00002396i, -0.00019439-0.00004554i, -0.00014205+0.00007717i, -0.00023960-0.00010368i, -0.00010616+0.00012829i, +0.00024187+0.00004726i, +0.00006569-0.00001025i, +0.00029724+0.00020001i, -0.00017396+0.00012531i, -0.00009067+0.00003363i, +0.00004687-0.00004294i, +0.00002224-0.00012534i, -0.00057092+0.00012274i, +0.00013063-0.00024192i, -0.00006707+0.00007364i, +0.00026099-0.00006184i, +0.00040452+0.00034008i, -0.00006222+0.00020593i, +0.00011230+0.00009263i, -0.00021401-0.00010573i, +0.00010025-0.00018493i, +0.00010933-0.00014388i, +0.00019794+0.00008603i, +0.00016242+0.00000247i, +0.00002037-0.00024190i, -0.00004444+0.00000029i, -0.00004672+0.00004592i, -0.00004203+0.00014054i, -0.00010362+0.00008467i, +0.00005999+0.00018329i
+0.00030900-0.00081465i, +0.00008622-0.00031024i, +0.00044990-0.00039587i, +0.00044294-0.00015093i, -0.00031865-0.00016350i, -0.00003451-0.00040974i, +0.00010292+0.00010434i, +0.00016297+0.00022657i, -0.00000302-0.00020070i, +0.00001973-0.00014476i, +0.00024055-0.00040443i, +0.00052898-0.00044718i, -0.00004805+0.00019333i, -0.00018722-0.00049565i, +0.00068724+0.00036751i, -0.00017121+0.00060560i, -0.00019398-0.00056852i, -0.00000097+0.00008332i, +0.00025502-0.00012802i, -0.00060777+0.00006167i, -0.00043867-0.00017987i, -0.00025380+0.00021682i, +0.00022195-0.00048395i, +0.01555918+0.00000000i, +0.00046916-0.00014342i, +0.00001043+0.00016677i, +0.00011131+0.00024038i, +0.00009799-0.00005463i, -0.00049939+0.00020659i, +0.00038877-0.00028052i, -0.00017410+0.00048202i, -0.00030752+0.00044074i, +0.00011378+0.00058351i, +0.00025347-0.00034663i, +0.00022400-0.00002538i, +0.00016978+0.00001733i, +0.00016538-0.00016489i, -0.00007948+0.00041130i, +0.00022514-0.00027622i, -0.00008047-0.00017654i, +0.00030624-0.00010606i, +0.00051451-0.00041775i, +0.00056877+0.00018229i, +0.00017143+0.00015034i, -0.00017759-0.00020184i, -0.00015856+0.00015173i, +0.00011393+0.00091822i, -0.00037967+0.00012181i, +0.00050589-0.00006266i, +0.00008852-0.00034431i, +0.00008939-0.00001536i, +0.00064137+0.00041184i, -0.00024123-0.00032176i, -0.00018098+0.00033268i, +0.00015048-0.00033654i, -0.00071346-0.00039315i, +0.00006010-0.00036952i, -0.00007517-0.00086324i, -0.00023850-0.00012680i, -0.00048877-0.00019028i, -0.00001846-0.00006510i, +0.00016125-0.00007067i, +0.00015110+0.00004422i, +0.00038939+0.00016460i
+0.00062864-0.00047359i, +0.00014638-0.00033621i, +0.00049593-0.00030790i, +0.00027942-0.00029415i, -0.00038022+0.00001080i, -0.00012244-0.00022682i, +0.00026489+0.00004073i, +0.00029863+0.00005464i, -0.00021814-0.00023927i, +0.00006963-0.00000957i, +0.00010813-0.00021079i, +0.00051522-0.00038068i, -0.00010932-0.00022049i, -0.00005960-0.00045465i, +0.00058091+0.00010555i, -0.00004930-0.00006767i, -0.00004904-0.00048716i, -0.00037830+0.00006097i, +0.00033193-0.00021434i, -0.00045471-0.00015026i, +0.00000880-0.00043353i, -0.00020373+0.00020969i, -0.00026656+0.00020767i, +0.00046916+0.00014342i, +0.01589549+0.00000000i, +0.00007114-0.00040941i, +0.00039208+0.00031987i, +0.00019425-0.00004816i, -0.00067558+0.00036007i, +0.00034157-0.00041304i, +0.00017402+0.00051116i, -0.00010394+0.00011976i, +0.00016573+0.00035994i, +0.00036394-0.00018106i, +0.00022293+0.00015337i, +0.00001083+0.00002266i, +0.00028332-0.00014770i, -0.00013596+0.00036675i, +0.00012921-0.00006732i, -0.00013682-0.00019581i, +0.00032278-0.00019713i, +0.00052596-0.00030915i, +0.00033696+0.00023225i, +0.00009739+0.00028943i, -0.00025142-0.00021937i, -0.00011117+0.00018842i, -0.00004871+0.00052518i, -0.00048945+0.00012237i, +0.00040875-0.00005167i, +0.00028647-0.00028179i, +0.00012546-0.00011857i, +0.00036164+0.00030278i, -0.00017487-0.00025078i, -0.00020743+0.00017764i, +0.00028308-0.00022520i, -0.00044654-0.00014346i, +0.00025401-0.00024719i, -0.00004225-0.00074216i, -0.00023102-0.00005223i, -0.00032767-0.00018276i, +0.00012189+0.00000754i, +0.00023757+0.00007923i, +0.00002929+0.00020304i, +0.00040272+0.00003489i
