+0.02462279-0.00000000i, +0.00520885-0.00984109i, -0.00291746+0.00351683i, +0.00201756-0.01002367i, +0.00960542-0.00227176i, +0.00357575+0.01073332i, +0.00124872-0.01043358i, +0.00403322+0.00224925i, -0.00997770-0.01105302i, -0.00028685+0.00123370i, +0.00082091+0.00056090i, -0.00624139+0.00578616i, +0.00497863-0.00832497i, -0.00699817+0.00732924i, -0.00139243-0.00602139i, +0.00656095-0.00439727i, +0.00371640-0.00127408i, +0.00365849+0.00885138i, -0.00575854+0.00742297i, -0.00642055-0.00000196i, -0.00978827-0.00482477i, +0.00553294+0.00349760i, -0.00691735-0.00022725i, +0.00732195-0.00474338i, -0.00152158-0.00748567i, -0.00137249-0.00304865i, +0.00188520-0.00321479i, -0.00189475-0.00764948i, -0.00109597-0.00397508i, -0.00270247+0.00707931i, +0.00849029-0.00497537i, +0.00262744+0.00248258i, -0.00347655+0.00477497i, +0.00816988+0.00611099i, +0.00336609-0.00127615i, -0.00036031+0.00374478i, -0.00604291+0.01016404i, -0.00406806-0.00485465i, -0.00220002+0.00900743i, -0.00432620-0.00100648i, +0.01004879-0.00065322i, -0.00144613-0.00170810i, +0.00289477-0.00241359i, +0.00357483-0.00155732i, +0.00105471+0.00437351i, -0.00380994-0.00513336i, +0.00036895+0.00449395i, +0.00183215+0.00636936i, -0.00772990-0.00667047i, -0.00765810-0.00376931i, -0.00157892-0.00858968i, -0.00223109+0.00052642i, +0.00736926-0.00293981i, -0.00358401-0.00172740i, -0.00000377+0.00083688i, -0.00337323+0.00368319i, +0.00459838+0.00213144i, -0.00092119+0.00521242i, +0.00150901+0.00417114i, +0.00172592+0.00233600i, +0.00685746-0.00049626i, -0.00318462-0.00538196i, -0.00072091+0.00371688i, +0.00008232+0.00110466i
+0.00520885+0.00984109i, +0.02216678-0.00000000i, -0.00277035-0.00082770i, +0.00681554+0.00017606i, +0.00449142+0.01075684i, -0.00569911+0.00480195i, +0.00789441+0.00132057i, -0.00191427+0.00396791i, +0.00655501-0.01177085i, -0.00046328-0.00222390i, -0.00026621+0.00182822i, -0.00477366-0.00278364i, +0.00950344+0.00208050i, -0.01084405-0.00523351i, +0.00460013-0.00181126i, +0.00646224+0.00479228i, +0.00121381+0.00372140i, -0.00566941+0.00476540i, -0.00849123-0.00221875i, -0.00127710-0.00594814i, +0.00079209-0.00887174i, -0.00266664+0.00541492i, -0.00236241-0.00530093i, +0.00661153+0.00587824i, +0.00565225-0.00386713i, +0.00293255-0.00289708i, +0.00339272+0.00027526i, +0.00609331-0.00435166i, +0.00193654-0.00185363i, -0.00654041-0.00098652i, +0.00697889+0.00525842i, -0.00304100+0.00291398i, -0.00152945+0.00064878i, -0.00517068+0.01157326i, +0.00217704+0.00191258i, -0.00367218-0.00044223i, -0.00992118-0.00236279i, +0.00208706-0.00334680i, -0.00813457+0.00072467i, +0.00030381-0.00503297i, +0.00411244+0.00854475i, +0.00166489-0.00047332i, +0.00282744+0.00190186i, +0.00162064+0.00296352i, -0.00324376+0.00224338i, +0.00418226-0.00507309i, -0.00354940+0.00201353i, -0.00514934+0.00350991i, +0.00233573-0.00807160i, -0.00048215-0.00935202i, +0.00721144-0.00347304i, -0.00086924-0.00137543i, +0.00403949+0.00442498i, +0.00190744-0.00442203i, +0.00009476-0.00023928i, -0.00442547-0.00302359i, +0.00018292+0.00451542i, -0.00495188+0.00051200i, -0.00407533+0.00231007i, -0.00171274+0.00214241i, +0.00200922+0.00628453i, +0.00425778-0.00474635i, -0.00324399+0.00144982i, -0.00007466-0.00043609i
-0.00291746-0.00351683i, -0.00277035+0.00082770i, +0.01513666+0.00000000i, -0.00037542+0.00302130i, -0.00372039+0.00047688i, +0.00183116-0.00514750i, -0.00220293+0.00177721i, -0.00179688-0.00437010i, +0.00219249+0.00454353i, +0.00029948+0.00035463i, -0.00059583-0.00236537i, +0.00382970-0.00179957i, -0.00370249+0.00092555i, +0.00292886-0.00128091i, +0.00275704+0.00455598i, -0.00364811+0.00072703i, -0.00054238-0.00158378i, +0.00114371-0.00390641i, +0.00301290-0.00213223i, +0.00215180+0.00155666i, +0.00201341+0.00231063i, -0.00095367-0.00247271i, +0.00356025+0.00095637i, -0.00417266-0.00082098i, -0.00049044+0.00294752i, -0.00102456+0.00181608i, -0.00123886-0.00024155i, -0.00106393+0.00375995i, +0.00080348+0.00187411i, +0.00286660-0.00159765i, -0.00337652+0.00097106i, -0.00001963-0.00168531i, +0.00024434-0.00125298i, -0.00181631-0.00348857i, -0.00441341+0.00259583i, +0.00082632-0.00065959i, +0.00302371-0.00168495i, +0.00032384+0.00248594i, +0.00270567-0.00309091i, +0.00141083+0.00213653i, -0.00398944-0.00074636i, -0.00030700+0.00071098i, -0.00101427+0.00044094i, -0.00184427-0.00044062i, +0.00058735-0.00115636i, +0.00061807+0.00268991i, -0.00058330-0.00110953i, +0.00040418-0.00281102i, +0.00095130+0.00311460i, +0.00169737+0.00322392i, -0.00260548+0.00046216i, +0.00047445-0.00032586i, -0.00216393+0.00019591i, +0.00062254+0.00131036i, -0.00160510+0.00125376i, +0.00197831+0.00006443i, -0.00141704-0.00106379i, +0.00158303-0.00174848i, +0.00031328-0.00198270i, +0.00000004-0.00166445i, -0.00347106-0.00120332i, +0.00033543+0.00232247i, -0.00049596-0.00060490i, +0.00026754-0.00043698i
+0.00201756+0.01002367i, +0.00681554-0.00017606i, -0.00037542-0.00302130i, +0.01631617-0.00000000i, +0.00361225+0.00720011i, -0.00567334+0.00351469i, +0.00620509-0.00142783i, -0.00252856+0.00235613i, +0.00556766-0.00722817i, -0.00009343+0.00029712i, -0.00092486+0.00083803i, -0.00546011-0.00623542i, +0.00660916+0.00283675i, -0.00599209-0.00247452i, +0.00490346-0.00217538i, +0.00396777+0.00536881i, +0.00104715+0.00226587i, -0.00587432+0.00292507i, -0.00545955-0.00324455i, -0.00098918-0.00477284i, +0.00236633-0.00645045i, -0.00115091+0.00423638i, -0.00082106-0.00349262i, +0.00459166+0.00472119i, +0.00382920-0.00161906i, +0.00172158-0.00079549i, +0.00232779+0.00098899i, +0.00542063-0.00280863i, +0.00245705-0.00019723i, -0.00550865-0.00153746i, +0.00382630+0.00489087i, -0.00164703+0.00278806i, -0.00224327-0.00078038i, -0.00247280+0.00649658i, +0.00082367+0.00222030i, -0.00473698+0.00220264i, -0.00703068-0.00263035i, +0.00319494-0.00348837i, -0.00526252-0.00037600i, +0.00084877-0.00369846i, +0.00152129+0.00581229i, +0.00109357-0.00093326i, +0.00198183+0.00180838i, +0.00215047+0.00264324i, -0.00297082+0.00123812i, +0.00294627-0.00361354i, -0.00281602+0.00089564i, -0.00457936+0.00157582i, +0.00245796-0.00510163i, +0.00162077-0.00532238i, +0.00479279-0.00181565i, -0.00198457-0.00350083i, +0.00205946+0.00376181i, +0.00061668-0.00325260i, -0.00053179-0.00004797i, -0.00381303-0.00098156i, -0.00042498+0.00324573i, -0.00329724-0.00020284i, -0.00305048+0.00112284i, -0.00138921+0.00114785i, +0.00057433+0.00449573i, +0.00366302-0.00286497i, -0.00200040+0.00019667i, -0.00163560+0.00012357i
+0.00960542+0.00227176i, +0.00449142-0.01075684i, -0.00372039-0.00047688i, +0.00361225-0.00720011i, +0.02323682+0.00000000i, -0.00166413+0.00880429i, +0.00608005-0.00819252i, +0.00269777+0.00724802i, -0.00795531-0.01354346i, -0.00007381-0.00157332i, +0.00083204+0.00003462i, -0.00706686+0.00309127i, +0.00855879-0.00645962i, -0.00762461+0.00759419i, +0.00107716-0.00618387i, +0.00751709-0.00228984i, +0.00465221+0.00072470i, +0.00102415+0.00783467i, -0.00678002+0.00553713i, -0.00511244-0.00102409i, -0.00700655-0.00843595i, +0.00439644+0.00404365i, -0.00598195-0.00038362i, +0.00852417-0.00212521i, +0.00028478-0.00759899i, -0.00007153-0.00295732i, +0.00358143-0.00227419i, -0.00124675-0.00718429i, +0.00126113-0.00198144i, -0.00422152+0.00576214i, +0.00883794-0.00275236i, +0.00115942+0.00308137i, -0.00035310+0.00086707i, +0.00619527+0.00731699i, +0.00276890-0.00027366i, -0.00146863+0.00285713i, -0.01146684+0.00974576i, -0.00204087-0.00550178i, -0.00369166+0.00784211i, -0.00443706-0.00290512i, +0.01001333+0.00114866i, +0.00021432-0.00120487i, +0.00379677-0.00057247i, +0.00337569-0.00098438i, -0.00055307+0.00442588i, -0.00294172-0.00614598i, -0.00083304+0.00444605i, +0.00038907+0.00640491i, -0.00640602-0.00522620i, -0.00612492-0.00481313i, +0.00112418-0.00821493i, -0.00244460+0.00023326i, +0.00572977-0.00121088i, -0.00323357-0.00247649i, -0.00023243-0.00026659i, -0.00417104+0.00248060i, +0.00440620+0.00259346i, -0.00199512+0.00463352i, -0.00075455+0.00524417i, +0.00109927+0.00247867i, +0.00681222+0.00281977i, -0.00250317-0.00544269i, -0.00063772+0.00348792i, -0.00050021+0.00118266i
+0.00357575-0.01073332i, -0.00569911-0.00480195i, +0.00183116+0.00514750i, -0.00567334-0.00351469i, -0.00166413-0.00880429i, +0.01884282+0.00000000i, -0.00786336-0.00440074i, +0.00392393-0.00317711i, -0.00919072+0.00634764i, -0.00032776-0.00042010i, +0.00050985+0.00054429i, +0.00336077+0.00691106i, -0.00376252-0.00660091i, +0.00690477+0.00569645i, -0.00499370-0.00005193i, -0.00252577-0.00578946i, +0.00061752-0.00346932i, +0.00823804-0.00041728i, +0.00376447+0.00578418i, -0.00109579+0.00375414i, -0.00569842+0.00589762i, +0.00292155-0.00557706i, -0.00065113+0.00550690i, -0.00143447-0.00734400i, -0.00578884-0.00008860i, -0.00289627-0.00083572i, -0.00214249-0.00269806i, -0.00687707+0.00046097i, -0.00271639+0.00040105i, +0.00538968+0.00409346i, -0.00184655-0.00704624i, +0.00185192-0.00112964i, +0.00162856+0.00069403i, +0.00663237-0.00555598i, -0.00079309-0.00272740i, +0.00204703+0.00124456i, +0.00691859+0.00658542i, -0.00782714+0.00466926i, +0.00662288+0.00324676i, -0.00231290+0.00289358i, +0.00084467-0.00775181i, -0.00088298+0.00020118i, -0.00085539-0.00313371i, -0.00126479-0.00334938i, +0.00337428+0.00046665i, -0.00543714+0.00292575i, +0.00345272+0.00096407i, +0.00553501-0.00069128i, -0.00490813+0.00421002i, -0.00564383+0.00510251i, -0.00646116-0.00117003i, -0.00032740+0.00256934i, -0.00032871-0.00587337i, -0.00194234+0.00180468i, -0.00058092+0.00007256i, +0.00228415+0.00390207i, +0.00244524-0.00305117i, +0.00453926+0.00165394i, +0.00368274+0.00009506i, +0.00258462-0.00173998i, +0.00124739-0.00551712i, -0.00411826+0.00237749i, +0.00252973+0.00084585i, +0.00120710+0.00018591i
+0.00124872+0.01043358i, +0.00789441-0.00132057i, -0.00220293-0.00177721i, +0.00620509+0.00142783i, +0.00608005+0.00819252i, -0.00786336+0.00440074i, +0.01897309+0.00000000i, -0.00316895+0.00537084i, +0.00427807-0.00969376i, -0.00101075-0.00016060i, +0.00062597+0.00147871i, -0.00486181-0.00445589i, +0.00618193+0.00205086i, -0.00676730-0.00203940i, +0.00794946-0.00190967i, +0.00434063+0.00336830i, +0.00099509+0.00261969i, -0.00521182+0.00388300i, -0.00703353-0.00271335i, -0.00099282-0.00465117i, +0.00222917-0.00770188i, -0.00100983+0.00436200i, -0.00193961-0.00732243i, +0.00547349+0.00473891i, +0.00586027-0.00286667i, +0.00197175-0.00223279i, +0.00245284+0.00173817i, +0.00454113-0.00326726i, +0.00164071-0.00093668i, -0.00547518-0.00078400i, +0.00610811+0.00544665i, -0.00174460+0.00191677i, -0.00101435-0.00031381i, -0.00243944+0.00742798i, +0.00111608+0.00259249i, -0.00277779-0.00023640i, -0.00902203-0.00256577i, +0.00282831-0.00403318i, -0.01046361+0.00212716i, -0.00042631-0.00433535i, +0.00346847+0.00722477i, +0.00162775-0.00088320i, +0.00164956+0.00169843i, +0.00177884+0.00214934i, -0.00232197+0.00082314i, +0.00258905-0.00434884i, -0.00405518+0.00192503i, -0.00422436+0.00301802i, +0.00302456-0.00653954i, +0.00084866-0.00589369i, +0.00720862-0.00365958i, -0.00070066-0.00133876i, +0.00305287+0.00472828i, +0.00046968-0.00295382i, -0.00046115-0.00053939i, -0.00390479-0.00204283i, -0.00136435+0.00405083i, -0.00411024+0.00065606i, -0.00397561+0.00227159i, -0.00092557+0.00181540i, +0.00187442+0.00473136i, +0.00290133-0.00325439i, -0.00213363+0.00183839i, -0.00118990-0.00002475i
+0.00403322-0.00224925i, -0.00191427-0.00396791i, -0.00179688+0.00437010i, -0.00252856-0.00235613i, +0.00269777-0.00724802i, +0.00392393+0.00317711i, -0.00316895-0.00537084i, +0.01407563+0.00000000i, -0.00627259+0.00077176i, -0.00048375+0.00022749i, +0.00029432+0.00045308i, +0.00137997+0.00643477i, -0.00088151-0.00399892i, +0.00087851+0.00371512i, -0.00371969-0.00121863i, +0.00293025-0.00401899i, +0.00077776-0.00099119i, +0.00415965+0.00139217i, +0.00082419+0.00421282i, -0.00300473+0.00177426i, -0.00429870+0.00134572i, +0.00181925-0.00041369i, -0.00230110+0.00254497i, +0.00071014-0.00650564i, -0.00316741-0.00210468i, -0.00268139-0.00032275i, -0.00003958-0.00182449i, -0.00345203-0.00013200i, -0.00093358-0.00058178i, +0.00162856+0.00324926i, +0.00089584-0.00469397i, +0.00253343+0.00089103i, +0.00000938+0.00015643i, +0.00407398-0.00081569i, +0.00040585-0.00170559i, +0.00028970+0.00194509i, +0.00147163+0.00528932i, -0.00261865-0.00000060i, +0.00290345+0.00399304i, -0.00560174+0.00338388i, +0.00228411-0.00388734i, -0.00112736-0.00118802i, +0.00038544-0.00186029i, -0.00047893-0.00191024i, +0.00124090+0.00077519i, -0.00299678+0.00041152i, +0.00201680+0.00134621i, +0.00229183+0.00194036i, -0.00359393+0.00074797i, -0.00417812+0.00216501i, -0.00272002-0.00214338i, +0.00131489+0.00040138i, +0.00065828-0.00270915i, -0.00129498-0.00001861i, -0.00002186-0.00014033i, -0.00011828+0.00175158i, +0.00182852-0.00114599i, +0.00221241+0.00142773i, +0.00214470+0.00096044i, +0.00034539+0.00022864i, +0.00223901-0.00245345i, -0.00295717+0.00003421i, +0.00120473+0.00079648i, +0.00092732+0.00151957i
-0.00997770+0.01105302i, +0.00655501+0.01177085i, +0.00219249-0.00454353i, +0.00556766+0.00722817i, -0.00795531+0.01354346i, -0.00919072-0.00634764i, +0.00427807+0.00969376i, -0.00627259-0.00077176i, +0.02740644+0.00000000i, +0.00192046-0.00075483i, -0.00077708+0.00166013i, +0.00124047-0.01128943i, +0.00243576+0.01165443i, -0.00300024-0.01356828i, +0.00629945+0.00597235i, -0.00228982+0.01035332i, -0.00361792+0.00419464i, -0.00947220-0.00378982i, -0.00176995-0.01088436i, +0.00430303-0.00435809i, +0.01185670-0.00320559i, -0.00702983+0.00168177i, +0.00523859-0.00528443i, -0.00273888+0.01002480i, +0.00790380+0.00631132i, +0.00319933+0.00231225i, +0.00058779+0.00494113i, +0.00875939+0.00421597i, +0.00401924+0.00213139i, -0.00349315-0.00769286i, -0.00262580+0.01115105i, -0.00407770-0.00018750i, -0.00140158-0.00204576i, -0.01171720+0.00187901i, -0.00177694+0.00367562i, -0.00188219-0.00291395i, -0.00326984-0.01372762i, +0.00690234+0.00053915i, -0.00549206-0.00877509i, +0.00521449-0.00230685i, -0.01005429+0.01138850i, +0.00197571+0.00091001i, -0.00105992+0.00424677i, -0.00135125+0.00464613i, -0.00466765-0.00235221i, +0.00845937+0.00097187i, -0.00437547-0.00390929i, -0.00742914-0.00395075i, +0.01051679-0.00275636i, +0.00935572-0.00338377i, +0.00797077+0.00632106i, +0.00094478-0.00278295i, -0.00355353+0.00741079i, +0.00461537-0.00159303i, -0.00046302+0.00026095i, -0.00012299-0.00603231i, -0.00511697+0.00344750i, -0.00358190-0.00561261i, -0.00504975-0.00335148i, -0.00346525-0.00063258i, -0.00679893+0.00643300i, +0.00715839+0.00078080i, -0.00347908-0.00289002i, -0.00099277-0.00099514i
-0.00028685-0.00123370i, -0.00046328+0.00222390i, +0.00029948-0.00035463i, -0.00009343-0.00029712i, -0.00007381+0.00157332i, -0.00032776+0.00042010i, -0.00101075+0.00016060i, -0.00048375-0.00022749i, +0.00192046+0.00075483i, +0.01151023+0.00000000i, +0.00063555+0.00152097i, +0.00071202+0.00121710i, +0.00078457-0.00195686i, +0.00015460+0.00049003i, -0.00068205-0.00077748i, +0.00024201+0.00089654i, -0.00024746-0.00009244i, -0.00018763+0.00087228i, -0.00069419-0.00043232i, -0.00021576+0.00063024i, +0.00016024-0.00037144i, +0.00102901-0.00023474i, -0.00029841+0.00039502i, -0.00070641+0.00044780i, +0.00023488+0.00005741i, +0.00063516+0.00181611i, +0.00037047+0.00096929i, -0.00016374-0.00050096i, +0.00041672+0.00054002i, +0.00004445+0.00027199i, +0.00043652+0.00051603i, -0.00045762-0.00079472i, +0.00027034+0.00014161i, -0.00021961-0.00018478i, -0.00010985+0.00010431i, +0.00048231-0.00020497i, -0.00058554-0.00045286i, -0.00004248-0.00110404i, -0.00018123-0.00022587i, +0.00054984+0.00020909i, -0.00001653+0.00011440i, -0.00270555+0.00252614i, -0.00002673+0.00007955i, -0.00040257-0.00053028i, +0.00016202+0.00027908i, -0.00039036+0.00032908i, -0.00001760+0.00012804i, +0.00024681+0.00047626i, +0.00019604-0.00057407i, +0.00134990-0.00094412i, +0.00038985+0.00030605i, -0.00065503-0.00078076i, -0.00011076+0.00030056i, +0.00030274+0.00057989i, -0.00006407+0.00021202i, -0.00005783-0.00029415i, -0.00009317+0.00040412i, -0.00023890+0.00096478i, -0.00057321+0.00015295i, -0.00008706+0.00045575i, -0.00008258+0.00066747i, -0.00086612+0.00043691i, -0.00013359-0.00001085i, +0.00013317+0.00087500i
+0.00082091-0.00056090i, -0.00026621-0.00182822i, -0.00059583+0.00236537i, -0.00092486-0.00083803i, +0.00083204-0.00003462i, +0.00050985-0.00054429i, +0.00062597-0.00147871i, +0.00029432-0.00045308i, -0.00077708-0.00166013i, +0.00063555-0.00152097i, +0.01196511+0.00000000i, +0.00095351+0.00160849i, +0.00023582-0.00345393i, -0.00068821+0.00288099i, -0.00052517-0.00165405i, +0.00164441+0.00135254i, +0.00044714+0.00118277i, +0.00084585+0.00104362i, -0.00051642+0.00203747i, -0.00086997+0.00037357i, -0.00077074-0.00049561i, +0.00020406+0.00057447i, -0.00161198+0.00025328i, +0.00133392-0.00123756i, -0.00030895-0.00085626i, -0.00007853-0.00048461i, +0.00096218+0.00191176i, -0.00106928-0.00043491i, -0.00021290+0.00017422i, -0.00027737+0.00117919i, -0.00008393-0.00137468i, +0.00060834+0.00092744i, +0.00073743+0.00015740i, +0.00125244+0.00036546i, +0.00009893-0.00044242i, +0.00018967+0.00042601i, -0.00077760+0.00048928i, -0.00016278+0.00016786i, +0.00012698+0.00165621i, -0.00069288+0.00006769i, +0.00123751-0.00079092i, -0.00014765-0.00006509i, -0.00322808+0.00151832i, -0.00033201-0.00039451i, -0.00004288+0.00054513i, -0.00109385-0.00080522i, +0.00087327+0.00007292i, -0.00012253+0.00034946i, -0.00094835-0.00144144i, -0.00092767-0.00014990i, +0.00114345-0.00157878i, -0.00020644-0.00004346i, +0.00023712-0.00008721i, -0.00035554-0.00023113i, -0.00031823-0.00037360i, -0.00072299+0.00038946i, +0.00068718+0.00032779i, +0.00040900+0.00079154i, +0.00047926+0.00167944i, +0.00011864+0.00011891i, +0.00108739-0.00114622i, -0.00066574-0.00022486i, +0.00138439-0.00042312i, -0.00036624+0.00028259i
-0.00624139-0.00578616i, -0.00477366+0.00278364i, +0.00382970+0.00179957i, -0.00546011+0.00623542i, -0.00706686-0.00309127i, +0.00336077-0.00691106i, -0.00486181+0.00445589i, +0.00137997-0.00643477i, +0.00124047+0.01128943i, +0.00071202-0.00121710i, +0.00095351-0.00160849i, +0.01647285-0.00000000i, -0.00699337+0.00055635i, +0.00647739-0.00207393i, -0.00253638+0.00627336i, -0.00538660-0.00253001i, -0.00189291-0.00182148i, +0.00282684-0.00655915i, +0.00664219-0.00024866i, +0.00292967+0.00302030i, +0.00172712+0.00638301i, -0.00145148-0.00352859i, +0.00322913+0.00292796i, -0.00751379-0.00162418i, -0.00283378+0.00430138i, -0.00107904+0.00258630i, -0.00218297+0.00043593i, -0.00174739+0.00702978i, -0.00124837+0.00225125i, +0.00536505-0.00275999i, -0.00670994-0.00144443i, -0.00051684-0.00268684i, +0.00094708-0.00104409i, -0.00181029-0.00614683i, -0.00199913-0.00074430i, +0.00171549-0.00172802i, +0.00705157-0.00212156i, +0.00037322+0.00496556i, +0.00500515-0.00346102i, +0.00177581+0.00435126i, -0.00616576-0.00429517i, -0.00080079+0.00218936i, -0.00298198+0.00000167i, -0.00544667+0.00114142i, +0.00157038-0.00246537i, +0.00034152+0.00530740i, +0.00204239-0.00268557i, +0.00272625-0.00461218i, +0.00154149+0.00571285i, +0.00210763+0.00609060i, -0.00318014+0.00439035i, +0.00275303-0.00014651i, -0.00434714-0.00167311i, +0.00139376+0.00204289i, -0.00001312-0.00013940i, +0.00341841-0.00103566i, -0.00185146-0.00300841i, +0.00327536-0.00287528i, +0.00151307-0.00312402i, +0.00020335-0.00100593i, -0.00356908-0.00347359i, -0.00015414+0.00492595i, +0.00128346-0.00175494i, +0.00202129-0.00134240i
+0.00497863+0.00832497i, +0.00950344-0.00208050i, -0.00370249-0.00092555i, +0.00660916-0.00283675i, +0.00855879+0.00645962i, -0.00376252+0.00660091i, +0.00618193-0.00205086i, -0.00088151+0.00399892i, +0.00243576-0.01165443i, +0.00078457+0.00195686i, +0.00023582+0.00345393i, -0.00699337-0.00055635i, +0.02177966+0.00000000i, -0.01020466+0.00018904i, +0.00534451-0.00575141i, +0.00637236+0.00602883i, +0.00310283+0.00328962i, -0.00442704+0.00604264i, -0.00819667-0.00083387i, -0.00227643-0.00460626i, -0.00035519-0.01061742i, -0.00010224+0.00540133i, -0.00308534-0.00345876i, +0.00745349+0.00353495i, +0.00364057-0.00449105i, +0.00198899-0.00258490i, +0.00340924-0.00048856i, +0.00428350-0.00530902i, +0.00258488-0.00053683i, -0.00666408+0.00063810i, +0.00715725+0.00403536i, -0.00213683+0.00278816i, -0.00105555+0.00028532i, -0.00046057+0.00841313i, +0.00197764+0.00120497i, -0.00270838+0.00106197i, -0.01055927+0.00017561i, +0.00115484-0.00432768i, -0.00595613+0.00182296i, -0.00078865-0.00422646i, +0.00622516+0.00612240i, +0.00074016-0.00142878i, +0.00356496+0.00161929i, +0.00248591+0.00120309i, -0.00572483+0.00569927i, +0.00189887-0.00637817i, -0.00336142+0.00326087i, -0.00439071+0.00393828i, +0.00067861-0.00619952i, -0.00076168-0.00675928i, +0.00581612-0.00426477i, -0.00158794-0.00156680i, +0.00395042+0.00386490i, -0.00022444-0.00331810i, -0.00051966-0.00089938i, -0.00424329-0.00130027i, +0.00187627+0.00379407i, -0.00409473+0.00185337i, -0.00352853+0.00374559i, -0.00082443+0.00195586i, +0.00378065+0.00730416i, +0.00207633-0.00514353i, -0.00191605+0.00137626i, -0.00105209+0.00048729i
-0.00699817-0.00732924i, -0.01084405+0.00523351i, +0.00292886+0.00128091i, -0.00599209+0.00247452i, -0.00762461-0.00759419i, +0.00690477-0.00569645i, -0.00676730+0.00203940i, +0.00087851-0.00371512i, -0.00300024+0.01356828i, +0.00015460-0.00049003i, -0.00068821-0.00288099i, +0.00647739+0.00207393i, -0.01020466-0.00018904i, +0.02034630-0.00000000i, -0.00563285+0.00275192i, -0.00579474-0.00342354i, -0.00179640-0.00295670i, +0.00450961-0.00593772i, +0.00780796-0.00025262i, +0.00358731+0.00381325i, +0.00153752+0.00804904i, -0.00013515-0.00722864i, +0.00356169+0.00426339i, -0.00723534-0.00367975i, -0.00390969+0.00458181i, -0.00194860+0.00188851i, -0.00265866-0.00001928i, -0.00456271+0.00630725i, -0.00121081+0.00232345i, +0.00698805-0.00078363i, -0.00799409-0.00270268i, +0.00090661-0.00359301i, +0.00163519-0.00127483i, -0.00006952-0.00965359i, -0.00255831-0.00109635i, +0.00271676-0.00124030i, +0.00956832-0.00055197i, -0.00247662+0.00488739i, +0.00663858-0.00306904i, +0.00082815+0.00386277i, -0.00633693-0.00661790i, -0.00034903+0.00110695i, -0.00259049-0.00052922i, -0.00367396-0.00221490i, +0.00316167-0.00276632i, -0.00408976+0.00838048i, +0.00331154-0.00249634i, +0.00352751-0.00469778i, +0.00035093+0.00708536i, +0.00125651+0.00705208i, -0.00502176+0.00449333i, +0.00077451+0.00166660i, -0.00500264-0.00267055i, +0.00064493+0.00413323i, -0.00011322+0.00000618i, +0.00485297+0.00128221i, -0.00137341-0.00399003i, +0.00515341-0.00243791i, +0.00290666-0.00316303i, +0.00088092-0.00290590i, -0.00395890-0.00508023i, -0.00108558+0.00734064i, +0.00243313-0.00267595i, +0.00105639+0.00015204i
-0.00139243+0.00602139i, +0.00460013+0.00181126i, +0.00275704-0.00455598i, +0.00490346+0.00217538i, +0.00107716+0.00618387i, -0.00499370+0.00005193i, +0.00794946+0.00190967i, -0.00371969+0.00121863i, +0.00629945-0.00597235i, -0.00068205+0.00077748i, -0.00052517+0.00165405i, -0.00253638-0.00627336i, +0.00534451+0.00575141i, -0.00563285-0.00275192i, +0.01687257-0.00000000i, -0.00022634+0.00618912i, -0.00067838+0.00173694i, -0.00452471+0.00017992i, -0.00411823-0.00398087i, +0.00128293-0.00315176i, +0.00414429-0.00506296i, -0.00274247+0.00187805i, +0.00099558-0.00609875i, +0.00096154+0.00490970i, +0.00531153-0.00015688i, +0.00224752-0.00033429i, +0.00155467+0.00176863i, +0.00443793+0.00007045i, +0.00191453-0.00021635i, -0.00277047-0.00310234i, +0.00267240+0.00605277i, -0.00240603+0.00028595i, -0.00109381-0.00049437i, -0.00408192+0.00382513i, +0.00008787+0.00356894i, -0.00156117-0.00080881i, -0.00484644-0.00399645i, +0.00237222-0.00108294i, -0.00587038-0.00175368i, +0.00142783-0.00215584i, +0.00017290+0.00678343i, +0.00140125-0.00004063i, +0.00002704+0.00217020i, +0.00031775+0.00205024i, -0.00284059-0.00042349i, +0.00385095-0.00240339i, -0.00556099+0.00234555i, -0.00417759-0.00039356i, +0.00408508-0.00306286i, +0.00293802-0.00315391i, +0.00441503-0.00057616i, -0.00017969-0.00134211i, +0.00066707+0.00453889i, +0.00145187-0.00157240i, -0.00024327+0.00112504i, -0.00132034-0.00257856i, -0.00192967+0.00290605i, -0.00289943-0.00090164i, -0.00417563+0.00060208i, -0.00121038+0.00016220i, -0.00118111+0.00476885i, +0.00297788-0.00099987i, -0.00129839+0.00234686i, -0.00100026-0.00058631i
+0.00656095+0.00439727i, +0.00646224-0.00479228i, -0.00364811-0.00072703i, +0.00396777-0.00536881i, +0.00751709+0.00228984i, -0.00252577+0.00578946i, +0.00434063-0.00336830i, +0.00293025+0.00401899i, -0.00228982-0.01035332i, +0.00024201-0.00089654i, +0.00164441-0.00135254i, -0.00538660+0.00253001i, +0.00637236-0.00602883i, -0.00579474+0.00342354i, -0.00022634-0.00618912i, +0.01703607+0.00000000i, +0.00312198+0.00132558i, -0.00066387+0.00603454i, -0.00580748+0.00245066i, -0.00456514-0.00252373i, -0.00394905-0.00664023i, +0.00146379+0.00494853i, -0.00390308-0.00211866i, +0.00650450-0.00206964i, +0.00183846-0.00467658i, -0.00018414-0.00237369i, +0.00295017-0.00117179i, +0.00206249-0.00487445i, +0.00124521-0.00241285i, -0.00451241+0.00326057i, +0.00682559+0.00049051i, +0.00116433+0.00373045i, -0.00097955+0.00062964i, +0.00241832+0.00654264i, +0.00245539+0.00047558i, -0.00153290+0.00243648i, -0.00707503+0.00344602i, +0.00005913-0.00374342i, -0.00443547+0.00389328i, -0.00362829-0.00234952i, +0.00596307+0.00283462i, -0.00038419-0.00191585i, +0.00305251+0.00045186i, +0.00164551+0.00055832i, -0.00043973+0.00387215i, -0.00111786-0.00466998i, -0.00112072+0.00319309i, -0.00376697+0.00731751i, -0.00243447-0.00531775i, -0.00353422-0.00455342i, +0.00247792-0.00513226i, -0.00144921-0.00067428i, +0.00444324+0.00130766i, -0.00142685-0.00323808i, +0.00012123+0.00021441i, -0.00369866+0.00137149i, +0.00219173+0.00226697i, -0.00170468+0.00206814i, -0.00075647+0.00333051i, -0.00121676+0.00238397i, +0.00456973+0.00249101i, -0.00003237-0.00427074i, -0.00133816+0.00120415i, +0.00025159+0.00267529i
+0.00371640+0.00127408i, +0.00121381-0.00372140i, -0.00054238+0.00158378i, +0.00104715-0.00226587i, +0.00465221-0.00072470i, +0.00061752+0.00346932i, +0.00099509-0.00261969i, +0.00077776+0.00099119i, -0.00361792-0.00419464i, -0.00024746+0.00009244i, +0.00044714-0.00118277i, -0.00189291+0.00182148i, +0.00310283-0.00328962i, -0.00179640+0.00295670i, -0.00067838-0.00173694i, +0.00312198-0.00132558i, +0.01397450-0.00000000i, +0.00343281+0.00256941i, -0.00172056+0.00421877i, -0.00091154-0.00227238i, -0.00370568-0.00300362i, +0.00366619+0.00379331i, -0.00263495-0.00074004i, +0.00377722-0.00365391i, -0.00190416-0.00161257i, -0.00036791-0.00281643i, +0.00113666-0.00257720i, -0.00031503-0.00354110i, -0.00150216-0.00037066i, +0.00071662+0.00247718i, +0.00190730-0.00142210i, +0.00097949+0.00033864i, +0.00136027-0.00189442i, +0.00384902+0.00237174i, +0.00098370-0.00053775i, -0.00038032+0.00109541i, -0.00359675+0.00481089i, -0.00087895-0.00175363i, -0.00074753+0.00273217i, -0.00212819-0.00058405i, +0.00317463-0.00106367i, -0.00047786-0.00030966i, +0.00151148-0.00036052i, +0.00121254-0.00059820i, +0.00024664+0.00245714i, -0.00212284-0.00176159i, -0.00010902+0.00145369i, +0.00070320+0.00258149i, -0.00544719-0.00063297i, -0.00311370-0.00177964i, -0.00082013-0.00374454i, -0.00157751+0.00086482i, +0.00228296-0.00057537i, -0.00146336-0.00065823i, -0.00028722-0.00017470i, -0.00168533+0.00170020i, +0.00304396+0.00055437i, +0.00009261+0.00230110i, +0.00080415+0.00215024i, +0.00063146+0.00082880i, +0.00260374-0.00024424i, -0.00129396-0.00174402i, -0.00009337+0.00045886i, +0.00001717+0.00099303i
+0.00365849-0.00885138i, -0.00566941-0.00476540i, +0.00114371+0.00390641i, -0.00587432-0.00292507i, +0.00102415-0.00783467i, +0.00823804+0.00041728i, -0.00521182-0.00388300i, +0.00415965-0.00139217i, -0.00947220+0.00378982i, -0.00018763-0.00087228i, +0.00084585-0.00104362i, +0.00282684+0.00655915i, -0.00442704-0.00604264i, +0.00450961+0.00593772i, -0.00452471-0.00017992i, -0.00066387-0.00603454i, +0.00343281-0.00256941i, +0.01939106-0.00000000i, +0.00438723+0.00942595i, -0.00126682+0.00529938i, -0.00712031+0.00876042i, +0.00434419-0.00353890i, -0.00096982+0.00607473i, -0.00115182-0.00911033i, -0.00808265+0.00009675i, -0.00534797-0.00040811i, -0.00195775-0.00400065i, -0.00799381-0.00034455i, -0.00460762+0.00031434i, +0.00799464+0.00666645i, -0.00108500-0.00906933i, +0.00231619-0.00154136i, +0.00186900+0.00073805i, +0.00840205-0.00616889i, -0.00006767-0.00277988i, +0.00240472+0.00143451i, +0.00569471+0.00810162i, -0.00600810+0.00238945i, +0.00572108+0.00475703i, -0.00318561+0.00335269i, +0.00227201-0.00869078i, -0.00195545-0.00083758i, -0.00036874-0.00315632i, -0.00041483-0.00338013i, +0.00362134+0.00063036i, -0.00652084+0.00256340i, +0.00338128+0.00155617i, +0.00622072+0.00071503i, -0.00677950+0.00353492i, -0.00817881+0.00460493i, -0.00763616-0.00217679i, -0.00028970+0.00249799i, +0.00136647-0.00648741i, -0.00252967+0.00287347i, +0.00006210-0.00001144i, +0.00250391+0.00459018i, +0.00392849-0.00259761i, +0.00528163+0.00303484i, +0.00430879+0.00091066i, +0.00225896-0.00098523i, +0.00262778-0.00536230i, -0.00539874+0.00067193i, +0.00285604+0.00100047i, +0.00111876+0.00155466i
-0.00575854-0.00742297i, -0.00849123+0.00221875i, +0.00301290+0.00213223i, -0.00545955+0.00324455i, -0.00678002-0.00553713i, +0.00376447-0.00578418i, -0.00703353+0.00271335i, +0.00082419-0.00421282i, -0.00176995+0.01088436i, -0.00069419+0.00043232i, -0.00051642-0.00203747i, +0.00664219+0.00024866i, -0.00819667+0.00083387i, +0.00780796+0.00025262i, -0.00411823+0.00398087i, -0.00580748-0.00245066i, -0.00172056-0.00421877i, +0.00438723-0.00942595i, +0.01963313+0.00000000i, +0.00387848+0.00434659i, +0.00145050+0.01136817i, -0.00003738-0.00751453i, +0.00340198+0.00547308i, -0.00870439-0.00526879i, -0.00588681+0.00560220i, -0.00200167+0.00308058i, -0.00641505-0.00031784i, -0.00520289+0.00703512i, -0.00144230+0.00355124i, +0.00767535-0.00263428i, -0.01046697-0.00464727i, +0.00169848-0.00386783i, +0.00077919-0.00070213i, -0.00086587-0.00878814i, -0.00104660-0.00359556i, +0.00283536-0.00086790i, +0.00962287-0.00091764i, -0.00090759+0.00441567i, +0.00799848-0.00363699i, +0.00063568+0.00375624i, -0.00604529-0.00611495i, -0.00073472+0.00130352i, -0.00330982-0.00174595i, -0.00254562-0.00196094i, +0.00158444-0.00274569i, -0.00092926+0.00547428i, +0.00414131-0.00324573i, +0.00285454-0.00475248i, +0.00021304+0.00766732i, +0.00104207+0.00768491i, -0.00746582+0.00633747i, +0.00180932+0.00127117i, -0.00536255-0.00410690i, +0.00062380+0.00350273i, +0.00033523-0.00073108i, +0.00466077+0.00066389i, -0.00092056-0.00461614i, +0.00406378-0.00248383i, +0.00420106-0.00320253i, +0.00077960-0.00234258i, -0.00323570-0.00547658i, -0.00187459+0.00508876i, +0.00281010-0.00242129i, +0.00105016-0.00003499i
-0.00642055+0.00000196i, -0.00127710+0.00594814i, +0.00215180-0.00155666i, -0.00098918+0.00477284i, -0.00511244+0.00102409i, -0.00109579-0.00375414i, -0.00099282+0.00465117i, -0.00300473-0.00177426i, +0.00430303+0.00435809i, -0.00021576-0.00063024i, -0.00086997-0.00037357i, +0.00292967-0.00302030i, -0.00227643+0.00460626i, +0.00358731-0.00381325i, +0.00128293+0.00315176i, -0.00456514+0.00252373i, -0.00091154+0.00227238i, -0.00126682-0.00529938i, +0.00387848-0.00434659i, +0.01295096+0.00000000i, +0.00563504+0.00309483i, -0.00328826-0.00227833i, +0.00416658-0.00187249i, -0.00402264+0.00390905i, +0.00040211+0.00436750i, +0.00213386+0.00133644i, -0.00087982+0.00113307i, +0.00080153+0.00506230i, -0.00009595+0.00069869i, +0.00288438-0.00384358i, -0.00552839+0.00234556i, -0.00176479-0.00299798i, +0.00080914-0.00112088i, -0.00470724-0.00310727i, -0.00170455+0.00125612i, +0.00141688-0.00358512i, +0.00285979-0.00474421i, +0.00142749+0.00249488i, +0.00109128-0.00470043i, +0.00357351-0.00025508i, -0.00497218+0.00074678i, +0.00064998+0.00159668i, -0.00179972+0.00131924i, -0.00241379-0.00008326i, -0.00036850-0.00196519i, +0.00232253+0.00266557i, -0.00012554-0.00216437i, -0.00058316-0.00418420i, +0.00343463+0.00310084i, +0.00380789+0.00150167i, +0.00055304+0.00488627i, -0.00130216+0.00055688i, -0.00347098+0.00070294i, +0.00221029+0.00158109i, +0.00022800+0.00014472i, +0.00271020-0.00276456i, -0.00219409-0.00099457i, +0.00071985-0.00252037i, -0.00069057-0.00252559i, +0.00008276-0.00120704i, -0.00313930+0.00017302i, +0.00151740+0.00342046i, +0.00005101-0.00182342i, +0.00071163-0.00048933i
-0.00978827+0.00482477i, +0.00079209+0.00887174i, +0.00201341-0.00231063i, +0.00236633+0.00645045i, -0.00700655+0.00843595i, -0.00569842-0.00589762i, +0.00222917+0.00770188i, -0.00429870-0.00134572i, +0.01185670+0.00320559i, +0.00016024+0.00037144i, -0.00077074+0.00049561i, +0.00172712-0.00638301i, -0.00035519+0.01061742i, +0.00153752-0.00804904i, +0.00414429+0.00506296i, -0.00394905+0.00664023i, -0.00370568+0.00300362i, -0.00712031-0.00876042i, +0.00145050-0.01136817i, +0.00563504-0.00309483i, +0.02269457-0.00000000i, -0.00838966-0.00029626i, +0.00735398-0.00434947i, -0.00416880+0.00947871i, +0.00637145+0.00861397i, +0.00288006+0.00386446i, -0.00033521+0.00575194i, +0.00555801+0.00633651i, +0.00315411+0.00408165i, +0.00020946-0.00880192i, -0.00599195+0.00830323i, -0.00348547-0.00075825i, +0.00078748-0.00185742i, -0.00912098-0.00201723i, -0.00288539+0.00203261i, -0.00067309-0.00290436i, +0.00136850-0.01381229i, +0.00481620+0.00289949i, -0.00157171-0.00782911i, +0.00464879-0.00063233i, -0.00870970+0.00494954i, +0.00067568+0.00093357i, -0.00260865+0.00303817i, -0.00217841+0.00216408i, -0.00288950-0.00321173i, +0.00560696+0.00284740i, -0.00257481-0.00397865i, -0.00404966-0.00487565i, +0.00785374+0.00102203i, +0.00705005+0.00060587i, +0.00554601+0.00707657i, +0.00160421-0.00144005i, -0.00786726+0.00468237i, +0.00436015-0.00013527i, -0.00053843-0.00013866i, +0.00158504-0.00539907i, -0.00498198-0.00028420i, -0.00094743-0.00461317i, -0.00329301-0.00437468i, -0.00231742-0.00120001i, -0.00694946+0.00199091i, +0.00424710+0.00311967i, -0.00174154-0.00309333i, +0.00010847-0.00116115i
+0.00553294-0.00349760i, -0.00266664-0.00541492i, -0.00095367+0.00247271i, -0.00115091-0.00423638i, +0.00439644-0.00404365i, +0.00292155+0.00557706i, -0.00100983-0.00436200i, +0.00181925+0.00041369i, -0.00702983-0.00168177i, +0.00102901+0.00023474i, +0.00020406-0.00057447i, -0.00145148+0.00352859i, -0.00010224-0.00540133i, -0.00013515+0.00722864i, -0.00274247-0.00187805i, +0.00146379-0.00494853i, +0.00366619-0.00379331i, +0.00434419+0.00353890i, -0.00003738+0.00751453i, -0.00328826+0.00227833i, -0.00838966+0.00029626i, +0.01597324-0.00000000i, -0.00552611+0.00104839i, +0.00280224-0.00652655i, -0.00260257-0.00389868i, -0.00149989-0.00113401i, -0.00016276-0.00339908i, -0.00457256-0.00584312i, -0.00312126-0.00000466i, +0.00074348+0.00585451i, +0.00302704-0.00483340i, +0.00328798+0.00020272i, +0.00030925+0.00042977i, +0.00693867-0.00068724i, +0.00110330-0.00154401i, +0.00065190+0.00174626i, +0.00028118+0.00665104i, -0.00233887-0.00493595i, +0.00110751+0.00513569i, -0.00235447+0.00057620i, +0.00413586-0.00321731i, -0.00134068+0.00029131i, +0.00119654-0.00191127i, +0.00258928-0.00193176i, +0.00185778+0.00127885i, -0.00406351-0.00122105i, +0.00123264+0.00181016i, +0.00349403+0.00256199i, -0.00515654+0.00023278i, -0.00422620-0.00005870i, -0.00314230-0.00358019i, -0.00180723+0.00055889i, +0.00234119-0.00335439i, -0.00555349+0.00141370i, +0.00091056-0.00012062i, -0.00053919+0.00380869i, +0.00270236-0.00050021i, +0.00089718+0.00288754i, +0.00198650+0.00183801i, +0.00219764+0.00133338i, +0.00339408-0.00240162i, -0.00439754-0.00208056i, +0.00081630+0.00157849i, -0.00010249+0.00093114i
-0.00691735+0.00022725i, -0.00236241+0.00530093i, +0.00356025-0.00095637i, -0.00082106+0.00349262i, -0.00598195+0.00038362i, -0.00065113-0.00550690i, -0.00193961+0.00732243i, -0.00230110-0.00254497i, +0.00523859+0.00528443i, -0.00029841-0.00039502i, -0.00161198-0.00025328i, +0.00322913-0.00292796i, -0.00308534+0.00345876i, +0.00356169-0.00426339i, +0.00099558+0.00609875i, -0.00390308+0.00211866i, -0.00263495+0.00074004i, -0.00096982-0.00607473i, +0.00340198-0.00547308i, +0.00416658+0.00187249i, +0.00735398+0.00434947i, -0.00552611-0.00104839i, +0.01574743-0.00000000i, -0.00560291+0.00410013i, +0.00039404+0.00649019i, +0.00105187+0.00282283i, -0.00181246+0.00154244i, +0.00119806+0.00598578i, +0.00219594+0.00140142i, +0.00216145-0.00376651i, -0.00547449+0.00340155i, -0.00140969-0.00092828i, +0.00023351-0.00085673i, -0.00434885-0.00370894i, -0.00335737+0.00144078i, +0.00078102-0.00129526i, +0.00417251-0.00535145i, +0.00181128+0.00348565i, +0.00178200-0.00832029i, +0.00302238+0.00120970i, -0.00667300+0.00027976i, -0.00018383+0.00082195i, -0.00125557+0.00011702i, -0.00207748+0.00070261i, -0.00021293-0.00157387i, +0.00227545+0.00330060i, -0.00069319-0.00296488i, -0.00095953-0.00417670i, +0.00405038+0.00367579i, +0.00389593+0.00264993i, -0.00008260+0.00532320i, +0.00085003-0.00028566i, -0.00411689+0.00108158i, +0.00214464+0.00042329i, -0.00328497+0.00092995i, +0.00304598-0.00184427i, -0.00260026-0.00218718i, +0.00063948-0.00299921i, -0.00023589-0.00295226i, -0.00107270-0.00174950i, -0.00380821-0.00013702i, +0.00169175+0.00286654i, -0.00106792-0.00243355i, +0.00049739-0.00047749i
+0.00732195+0.00474338i, +0.00661153-0.00587824i, -0.00417266+0.00082098i, +0.00459166-0.00472119i, +0.00852417+0.00212521i, -0.00143447+0.00734400i, +0.00547349-0.00473891i, +0.00071014+0.00650564i, -0.00273888-0.01002480i, -0.00070641-0.00044780i, +0.00133392+0.00123756i, -0.00751379+0.00162418i, +0.00745349-0.00353495i, -0.00723534+0.00367975i, +0.00096154-0.00490970i, +0.00650450+0.00206964i, +0.00377722+0.00365391i, -0.00115182+0.00911033i, -0.00870439+0.00526879i, -0.00402264-0.00390905i, -0.00416880-0.00947871i, +0.00280224+0.00652655i, -0.00560291-0.00410013i, +0.01905114-0.00000000i, +0.00178984-0.00632108i, +0.00119972-0.00436051i, +0.00393529-0.00260436i, +0.00075868-0.00839521i, +0.00006722-0.00332663i, -0.00580260+0.00520988i, +0.00880554-0.00115618i, +0.00119739+0.00547601i, -0.00021671+0.00092990i, +0.00385074+0.00734299i, +0.00278432+0.00027770i, -0.00322836+0.00234026i, -0.00834648+0.00413884i, -0.00067103-0.00469669i, -0.00543301+0.00562114i, -0.00277731-0.00656828i, +0.00730314+0.00269261i, +0.00083781-0.00170681i, +0.00318514-0.00030545i, +0.00417514+0.00006514i, -0.00117143+0.00322743i, -0.00156096-0.00580422i, -0.00152417+0.00339362i, -0.00175865+0.00505029i, -0.00282469-0.00628883i, -0.00456405-0.00650220i, +0.00310553-0.00691693i, -0.00241150+0.00014939i, +0.00551092+0.00100616i, -0.00229760-0.00314715i, +0.00008747+0.00024377i, -0.00699458+0.00156724i, +0.00254719+0.00324723i, -0.00265618+0.00423502i, -0.00126775+0.00448926i, +0.00079584+0.00214076i, +0.00534938+0.00272905i, -0.00042460-0.00538312i, -0.00090872+0.00264480i, -0.00226413+0.00008473i
-0.00152158+0.00748567i, +0.00565225+0.00386713i, -0.00049044-0.00294752i, +0.00382920+0.00161906i, +0.00028478+0.00759899i, -0.00578884+0.00008860i, +0.00586027+0.00286667i, -0.00316741+0.00210468i, +0.00790380-0.00631132i, +0.00023488-0.00005741i, -0.00030895+0.00085626i, -0.00283378-0.00430138i, +0.00364057+0.00449105i, -0.00390969-0.00458181i, +0.00531153+0.00015688i, +0.00183846+0.00467658i, -0.00190416+0.00161257i, -0.00808265-0.00009675i, -0.00588681-0.00560220i, +0.00040211-0.00436750i, +0.00637145-0.00861397i, -0.00260257+0.00389868i, +0.00039404-0.00649019i, +0.00178984+0.00632108i, +0.01717870+0.00000000i, +0.00412955-0.00100510i, +0.00239659+0.00390006i, +0.00673193-0.00263120i, +0.00244927+0.00014378i, -0.00579963-0.00612548i, +0.00304630+0.00886743i, -0.00271122+0.00214741i, -0.00102294-0.00079861i, -0.00580774+0.00390535i, +0.00010747+0.00295005i, -0.00171584-0.00145282i, -0.00554026-0.00653966i, +0.00391496-0.00145144i, -0.00590169-0.00268297i, +0.00198054-0.00278349i, -0.00143872+0.00987323i, +0.00148859+0.00027220i, +0.00056396+0.00298773i, +0.00060554+0.00266053i, -0.00163520-0.00119073i, +0.00455070-0.00158639i, -0.00379350-0.00052800i, -0.00460417+0.00022230i, +0.00520542-0.00432758i, +0.00366420-0.00358916i, +0.00660502+0.00047316i, +0.00017870-0.00130502i, -0.00031578+0.00558086i, +0.00195792-0.00229916i, +0.00001629+0.00062538i, -0.00201587-0.00328608i, -0.00503169+0.00298070i, -0.00380102-0.00219141i, -0.00450680-0.00065889i, -0.00226165+0.00135032i, -0.00205925+0.00550664i, +0.00358619-0.00097619i, -0.00301594+0.00022447i, -0.00071820-0.00090811i
