+0.01891506-0.00000000i, -0.00096263+0.00098172i, -0.00094444-0.00167557i, +0.00043887+0.00079348i, -0.00078153+0.00106906i, +0.00029771+0.00013138i, -0.00049938-0.00097828i, +0.00104870+0.00054742i, -0.00430620-0.00059961i, -0.00076316-0.00177884i, +0.00107950+0.00205883i, +0.00163459-0.00064299i, +0.00026971-0.00156308i, +0.00013325+0.00050934i, +0.00375589-0.00115932i, +0.00008741-0.00101812i, -0.00177889-0.00115224i, +0.00040058-0.00137209i, +0.00106295-0.00072167i, +0.00061434-0.00162455i, +0.00051708-0.00153015i, +0.00005711+0.00112335i, +0.00129161-0.00028980i, -0.00035439+0.00077587i, -0.00073201-0.00094448i, -0.00176058-0.00305159i, +0.00163656+0.00096656i, -0.00047904-0.00005398i, +0.00084337-0.00059983i, -0.00043529+0.00006682i, -0.00000211+0.00113173i, +0.00020669+0.00123365i, -0.00111452+0.00126759i, +0.00123574+0.00063819i, -0.00162969-0.00004754i, -0.00026875-0.00145401i, +0.00018298-0.00070164i, +0.00002543-0.00125027i, +0.00095605+0.00126155i, -0.00048949+0.00030235i, +0.00185392+0.00202070i, -0.00163190+0.00082354i, -0.00081459+0.00183309i, -0.00038321-0.00010329i, +0.00332357+0.00017068i, -0.00083277-0.00120004i, -0.00094644+0.00093609i, +0.00015163+0.00060305i, +0.00152743-0.00294820i, -0.00180849+0.00043454i, -0.00002342-0.00021235i, +0.00069007-0.00086128i, +0.00280491+0.00049320i, +0.00158254+0.00130900i, -0.00162231+0.00091357i, +0.00036593+0.00087502i, +0.00022617-0.00244227i, -0.00019388-0.00061561i, -0.00131525+0.00058851i, -0.00044168+0.00024070i, -0.00170571+0.00056462i, +0.00112768+0.00030329i, -0.00027876+0.00144871i, -0.00331071-0.00045407i
-0.00096263-0.00098172i, +0.01462242+0.00000000i, -0.00021340+0.00087404i, -0.00014505-0.00031702i, +0.00059345-0.00023640i, -0.00029587+0.00051920i, +0.00024925+0.00047215i, -0.00013771-0.00027885i, +0.00116508-0.00030169i, -0.00025603+0.00034984i, -0.00018324-0.00050491i, -0.00075335-0.00007539i, -0.00035484+0.00027338i, +0.00004726-0.00052506i, -0.00098904-0.00012394i, -0.00053874+0.00056038i, +0.00035622+0.00046118i, -0.00049873-0.00006535i, -0.00021130+0.00008644i, -0.00017055+0.00076065i, +0.00000712+0.00044242i, +0.00020492-0.00070417i, -0.00050984+0.00010669i, -0.00004181-0.00030688i, -0.00011278+0.00024214i, -0.00003081+0.00082918i, -0.00044805-0.00042712i, +0.00020515-0.00003995i, +0.00019385+0.00006602i, +0.00010121-0.00005027i, -0.00025334-0.00037382i, +0.00024278-0.00064082i, +0.00013010-0.00035490i, +0.00006253-0.00111787i, +0.00063690+0.00026373i, +0.00003539+0.00033741i, +0.00007912+0.00024597i, +0.00019852+0.00056242i, -0.00040553-0.00017795i, +0.00025213-0.00049118i, -0.00071421-0.00084971i, +0.00084686+0.00020331i, +0.00034068-0.00025177i, +0.00046074+0.00017413i, -0.00090401-0.00028545i, +0.00092507+0.00045525i, +0.00035001+0.00008216i, +0.00021346-0.00050200i, -0.00026437+0.00022961i, +0.00079452-0.00028568i, -0.00012045-0.00044509i, -0.00012814+0.00013610i, -0.00057884-0.00024645i, -0.00018550-0.00039937i, +0.00060966+0.00026228i, -0.00010034-0.00077593i, -0.00058882+0.00042693i, -0.00032052-0.00062574i, +0.00044050+0.00001605i, +0.00053405-0.00006682i, +0.00083048+0.00032726i, -0.00038134+0.00014628i, +0.00055393-0.00033304i, +0.00110413+0.00044420i
-0.00094444+0.00167557i, -0.00021340-0.00087404i, +0.01596974+0.00000000i, -0.00051430+0.00054545i, +0.00029403+0.00020259i, +0.00008376+0.00035592i, +0.00066787-0.00006688i, -0.00050656+0.00017685i, +0.00092221-0.00152139i, +0.00080537+0.00049185i, -0.00112779-0.00028965i, -0.00010572+0.00105358i, +0.00081470+0.00015852i, -0.00044894-0.00003668i, -0.00047095+0.00157919i, +0.00053976+0.00023885i, +0.00137962-0.00000462i, +0.00079515+0.00039597i, -0.00069442+0.00030063i, +0.00018805+0.00057314i, +0.00061377+0.00074405i, -0.00037966-0.00044286i, -0.00026542+0.00068612i, -0.00046708+0.00010555i, +0.00000437-0.00039610i, +0.00136900-0.00042789i, -0.00097229-0.00001206i, +0.00045342-0.00013645i, +0.00007658+0.00063586i, +0.00026317-0.00039562i, -0.00029127+0.00032199i, -0.00073560-0.00030513i, -0.00070882-0.00099476i, -0.00042769+0.00000622i, +0.00042736-0.00114505i, +0.00055395+0.00019603i, +0.00033494+0.00051462i, +0.00052867+0.00033163i, -0.00036446+0.00049351i, +0.00000340-0.00021916i, -0.00125214+0.00003494i, +0.00005234-0.00069840i, -0.00013517+0.00005615i, +0.00031987-0.00002651i, -0.00071701+0.00129251i, +0.00076351-0.00024267i, -0.00028240-0.00040008i, -0.00041167-0.00021021i, +0.00028862+0.00090045i, +0.00041522-0.00079158i, +0.00030867-0.00097724i, +0.00065650+0.00038040i, -0.00099031+0.00120270i, -0.00081636+0.00052853i, +0.00017352-0.00057173i, -0.00067525+0.00001832i, +0.00109238+0.00068439i, -0.00017493-0.00031478i, +0.00003055-0.00050883i, +0.00018685-0.00027552i, +0.00035369-0.00097958i, -0.00054159+0.00039596i, -0.00012146-0.00048815i, +0.00090571-0.00117981i
+0.00043887-0.00079348i, -0.00014505+0.00031702i, -0.00051430-0.00054545i, +0.01472687+0.00000000i, +0.00036389+0.00041771i, +0.00009867+0.00019070i, -0.00032808-0.00005317i, +0.00051889-0.00035129i, -0.00130814+0.00104109i, -0.00044334-0.00052493i, +0.00078233+0.00034113i, +0.00036634-0.00098459i, +0.00002972-0.00035394i, -0.00036273+0.00005913i, +0.00091691-0.00153139i, -0.00033720-0.00011513i, -0.00113201-0.00021568i, -0.00064243-0.00100158i, +0.00045980-0.00014628i, -0.00058350-0.00069611i, +0.00003019-0.00039110i, +0.00000457+0.00029718i, +0.00034168-0.00010143i, +0.00020738+0.00029138i, -0.00026793-0.00034858i, -0.00123391-0.00031893i, +0.00089570-0.00006494i, -0.00037015-0.00038578i, +0.00019523-0.00071008i, +0.00006848+0.00019234i, +0.00043765+0.00021294i, +0.00068669+0.00058026i, -0.00025716+0.00120791i, +0.00042395+0.00012132i, -0.00079609+0.00049776i, -0.00045256-0.00098083i, -0.00016799-0.00021346i, +0.00004228-0.00093802i, +0.00058289+0.00000392i, -0.00022426+0.00024515i, +0.00073258+0.00015907i, -0.00042706+0.00074544i, +0.00029940+0.00060954i, +0.00007734+0.00061774i, +0.00108221-0.00052702i, -0.00014750-0.00027397i, -0.00023946+0.00042774i, -0.00014335+0.00012033i, -0.00009004-0.00079981i, -0.00059089+0.00067155i, -0.00006695+0.00009875i, +0.00038156-0.00111571i, +0.00076156-0.00031076i, +0.00079078-0.00031599i, -0.00083195+0.00044405i, +0.00071971+0.00046072i, -0.00046946-0.00116309i, -0.00038715+0.00012683i, -0.00040303+0.00013157i, -0.00034566+0.00020159i, -0.00024018+0.00062640i, +0.00037767-0.00057662i, +0.00024495+0.00031192i, -0.00133829+0.00052914i
-0.00078153-0.00106906i, +0.00059345+0.00023640i, +0.00029403-0.00020259i, +0.00036389-0.00041771i, +0.01586806+0.00000000i, -0.00015998+0.00061632i, +0.00008074+0.00127047i, +0.00058144+0.00004262i, +0.00053408+0.00087427i, +0.00026317+0.00052179i, +0.00028340-0.00079865i, +0.00005870-0.00017829i, +0.00002821+0.00064685i, -0.00043136-0.00017166i, -0.00040491-0.00051291i, +0.00015836+0.00015481i, +0.00008707+0.00028341i, -0.00010528+0.00013108i, +0.00010670+0.00013909i, -0.00011604+0.00040505i, -0.00027257-0.00004757i, +0.00022214-0.00035526i, -0.00030016-0.00036706i, +0.00015476+0.00031098i, -0.00073293+0.00023520i, -0.00022172+0.00024137i, -0.00011208-0.00007142i, +0.00002908+0.00004923i, +0.00047806+0.00029555i, +0.00013712+0.00011135i, -0.00001168-0.00004286i, +0.00060552-0.00010856i, +0.00013537+0.00000226i, -0.00012921-0.00014667i, -0.00000180-0.00036807i, -0.00003228+0.00030619i, +0.00031808-0.00005585i, +0.00023274+0.00035088i, -0.00027681+0.00009089i, -0.00003733-0.00017051i, +0.00001495-0.00036938i, +0.00036427+0.00009261i, +0.00029304-0.00033732i, +0.00007777+0.00024782i, -0.00043762-0.00065223i, +0.00016900+0.00015426i, +0.00040874-0.00046046i, -0.00021815-0.00025520i, -0.00018276+0.00015291i, +0.00000856+0.00034277i, -0.00013859-0.00075556i, -0.00022191-0.00022000i, -0.00027479-0.00143407i, -0.00050464-0.00019808i, +0.00025410+0.00010534i, -0.00035192+0.00005185i, -0.00072874+0.00001340i, +0.00000567+0.00006285i, +0.00046217+0.00028756i, +0.00004088-0.00006439i, +0.00005164+0.00013578i, -0.00016438+0.00002763i, +0.00014920-0.00081829i, +0.00035912+0.00007582i
+0.00029771-0.00013138i, -0.00029587-0.00051920i, +0.00008376-0.00035592i, +0.00009867-0.00019070i, -0.00015998-0.00061632i, +0.01393525+0.00000000i, +0.00042597-0.00020529i, -0.00017070-0.00049171i, -0.00012613+0.00005341i, -0.00011990-0.00012346i, -0.00010865-0.00007102i, +0.00013651+0.00012363i, +0.00006209-0.00034002i, +0.00018482+0.00029447i, -0.00026003-0.00033886i, +0.00017868+0.00007865i, -0.00010620-0.00006584i, -0.00021596-0.00002975i, +0.00040656-0.00010504i, +0.00004863-0.00011372i, +0.00024624-0.00016889i, +0.00003897-0.00003712i, +0.00021683-0.00001595i, +0.00010784+0.00021982i, -0.00014614-0.00027831i, -0.00044078-0.00002943i, +0.00023899+0.00003414i, -0.00004621-0.00022144i, -0.00003787-0.00022734i, +0.00066717+0.00030663i, +0.00017276+0.00008577i, +0.00030994+0.00007415i, -0.00011528+0.00009454i, +0.00031625+0.00008805i, -0.00024942+0.00000585i, +0.00026750+0.00068199i, -0.00016069+0.00002386i, +0.00004862-0.00086397i, +0.00037428+0.00006256i, -0.00009645-0.00018094i, +0.00017160+0.00028650i, +0.00020672-0.00024502i, +0.00014080+0.00028072i, +0.00001160-0.00023017i, +0.00034344-0.00013842i, -0.00011697-0.00064439i, -0.00030718-0.00000636i, -0.00022048+0.00014540i, -0.00024418-0.00025787i, +0.00031227-0.00022837i, -0.00006334+0.00016923i, +0.00012418+0.00036583i, +0.00017544-0.00023226i, +0.00022361-0.00042837i, -0.00006878+0.00008638i, +0.00000800+0.00017124i, +0.00005859-0.00016963i, -0.00035908-0.00007559i, +0.00000935+0.00005004i, +0.00009434-0.00012456i, -0.00009914+0.00001234i, -0.00026945+0.00020732i, -0.00003877+0.00018584i, -0.00038873+0.00033940i
-0.00049938+0.00097828i, +0.00024925-0.00047215i, +0.00066787+0.00006688i, -0.00032808+0.00005317i, +0.00008074-0.00127047i, +0.00042597+0.00020529i, +0.01516797+0.00000000i, -0.00029254+0.00004093i, +0.00098466-0.00088240i, +0.00065699-0.00003433i, -0.00014267-0.00020099i, +0.00032589+0.00035324i, -0.00008889+0.00021576i, -0.00041557-0.00047075i, +0.00010708+0.00088491i, -0.00045825-0.00019390i, +0.00053761-0.00007362i, +0.00029241+0.00029950i, -0.00035535+0.00010296i, +0.00024135+0.00016250i, -0.00005012+0.00043326i, -0.00012001+0.00000952i, +0.00019818+0.00027334i, +0.00001338-0.00017405i, +0.00016343+0.00044784i, +0.00044481+0.00036650i, +0.00001991+0.00021461i, +0.00001767-0.00017037i, +0.00012601+0.00028551i, +0.00007375+0.00007626i, +0.00045826+0.00011589i, -0.00007939-0.00036333i, -0.00042333-0.00060833i, -0.00035586-0.00005568i, +0.00055887-0.00048288i, +0.00043091+0.00017789i, +0.00049589+0.00009057i, +0.00013333-0.00000211i, -0.00016951+0.00001729i, -0.00001556-0.00002794i, -0.00050606+0.00004343i, +0.00031296-0.00030959i, -0.00058811+0.00011995i, -0.00041156+0.00019950i, -0.00067411+0.00050184i, +0.00061184+0.00024333i, +0.00018249-0.00018386i, -0.00020121-0.00028420i, -0.00027640-0.00013595i, +0.00041536-0.00032709i, +0.00015545-0.00033091i, -0.00004998+0.00044234i, -0.00048251+0.00030972i, -0.00010562+0.00037279i, +0.00009662-0.00103450i, +0.00011372+0.00007354i, -0.00015705+0.00045779i, +0.00009537-0.00023596i, +0.00029590-0.00009681i, +0.00008460-0.00003872i, +0.00009195-0.00016121i, +0.00021227+0.00025753i, +0.00007107-0.00008330i, +0.00053344-0.00048930i
+0.00104870-0.00054742i, -0.00013771+0.00027885i, -0.00050656-0.00017685i, +0.00051889+0.00035129i, +0.00058144-0.00004262i, -0.00017070+0.00049171i, -0.00029254-0.00004093i, +0.01396440+0.00000000i, -0.00112551+0.00069113i, -0.00051086-0.00006529i, +0.00060153+0.00028316i, +0.00079390-0.00058712i, -0.00040648+0.00006771i, +0.00028676+0.00008855i, +0.00074669-0.00099451i, +0.00011404+0.00007060i, -0.00075050+0.00047353i, -0.00018551-0.00043602i, +0.00089035-0.00000704i, -0.00013327-0.00053851i, -0.00014756+0.00010215i, +0.00006851+0.00030763i, +0.00065301-0.00052677i, +0.00025995-0.00010754i, +0.00007723+0.00010745i, -0.00105295-0.00076326i, +0.00081097-0.00003798i, -0.00000332+0.00019414i, +0.00032333+0.00011674i, -0.00049477+0.00008792i, +0.00007307+0.00037682i, +0.00088936+0.00045225i, +0.00004282+0.00117846i, +0.00059536+0.00073195i, -0.00033913+0.00028147i, +0.00009864-0.00065964i, -0.00008187+0.00001599i, -0.00004318-0.00011906i, -0.00000298+0.00041654i, -0.00010525-0.00037391i, +0.00061788+0.00017260i, -0.00041959+0.00037195i, -0.00021727+0.00025665i, -0.00030815+0.00021065i, +0.00092207-0.00042842i, +0.00010024-0.00034688i, -0.00033850-0.00003268i, +0.00028418-0.00009238i, -0.00001607-0.00044504i, -0.00021278+0.00092140i, -0.00034462-0.00000871i, +0.00024148-0.00036996i, +0.00084516-0.00040605i, +0.00058265+0.00015716i, -0.00023052+0.00044350i, +0.00031001-0.00032268i, -0.00010388-0.00036060i, -0.00033696-0.00031096i, -0.00015111+0.00041179i, -0.00025267+0.00026595i, -0.00038048+0.00031958i, +0.00093832-0.00065036i, +0.00017592+0.00037235i, -0.00098734+0.00069166i
-0.00430620+0.00059961i, +0.00116508+0.00030169i, +0.00092221+0.00152139i, -0.00130814-0.00104109i, +0.00053408-0.00087427i, -0.00012613-0.00005341i, +0.00098466+0.00088240i, -0.00112551-0.00069113i, +0.02108915-0.00000000i, +0.00013170+0.00274931i, -0.00120071-0.00297742i, -0.00230551+0.00048273i, -0.00059129+0.00106020i, -0.00021408-0.00072101i, -0.00407890+0.00080016i, -0.00038315+0.00117219i, +0.00223997+0.00110299i, -0.00030277+0.00130464i, -0.00137315-0.00005438i, -0.00081099+0.00198028i, -0.00045582+0.00150552i, +0.00064599-0.00135924i, -0.00174271+0.00010094i, +0.00020155-0.00103267i, +0.00099572+0.00078268i, +0.00209062+0.00384687i, -0.00249172-0.00177969i, +0.00037986+0.00009718i, -0.00116914+0.00082108i, +0.00076096+0.00059388i, -0.00010906-0.00109293i, -0.00031812-0.00226359i, +0.00228089-0.00255993i, -0.00076338-0.00067258i, +0.00209703+0.00018605i, +0.00038854+0.00162924i, +0.00022596+0.00131770i, -0.00031965+0.00159441i, -0.00119476-0.00097012i, +0.00043067-0.00018490i, -0.00159876-0.00278086i, +0.00235953-0.00081301i, +0.00071757-0.00151964i, +0.00058915+0.00058833i, -0.00386351-0.00027575i, +0.00077529+0.00117061i, +0.00163252-0.00115130i, -0.00033552-0.00042973i, -0.00147318+0.00175788i, +0.00208781-0.00023355i, +0.00028213+0.00019155i, -0.00079203+0.00097806i, -0.00321636-0.00097853i, -0.00143573-0.00155916i, +0.00157436-0.00017430i, -0.00017739-0.00129812i, -0.00089374+0.00297825i, +0.00031756+0.00039695i, +0.00143527-0.00049907i, +0.00057056+0.00005547i, +0.00238202-0.00010521i, -0.00194218-0.00017567i, +0.00058690-0.00065478i, +0.00373116+0.00067357i
-0.00076316+0.00177884i, -0.00025603-0.00034984i, +0.00080537-0.00049185i, -0.00044334+0.00052493i, +0.00026317-0.00052179i, -0.00011990+0.00012346i, +0.00065699+0.00003433i, -0.00051086+0.00006529i, +0.00013170-0.00274931i, +0.01617926-0.00000000i, -0.00192149+0.00059343i, +0.00038426+0.00164327i, +0.00043539+0.00045864i, -0.00033092+0.00045697i, -0.00013549+0.00148483i, +0.00046780+0.00027600i, +0.00109537-0.00075890i, +0.00119861-0.00021578i, +0.00011684+0.00068861i, +0.00064035+0.00110265i, +0.00054685+0.00081540i, -0.00072067-0.00037655i, -0.00007706+0.00087898i, -0.00032700-0.00004527i, +0.00047127+0.00000305i, +0.00200876-0.00061649i, -0.00069917+0.00090123i, +0.00041535+0.00014367i, +0.00046914+0.00030238i, -0.00016581-0.00025909i, -0.00063178-0.00028849i, -0.00101844+0.00006163i, -0.00092506-0.00068038i, -0.00026454-0.00032829i, +0.00014696-0.00106841i, +0.00101900+0.00032401i, +0.00094399+0.00002021i, +0.00072429+0.00035247i, -0.00039770+0.00070105i, +0.00010811-0.00026651i, -0.00154924+0.00077100i, -0.00014360-0.00186057i, -0.00082192-0.00052643i, +0.00022741-0.00023298i, -0.00056395+0.00170076i, +0.00026508-0.00027136i, -0.00019350-0.00057228i, -0.00066926+0.00035454i, +0.00061346+0.00085025i, -0.00012173-0.00077526i, -0.00003657+0.00029163i, -0.00006483+0.00026470i, -0.00090243+0.00163255i, -0.00139691-0.00001330i, +0.00000781-0.00112743i, -0.00073842+0.00036181i, +0.00090560+0.00067045i, +0.00005425+0.00041445i, +0.00002728-0.00067609i, +0.00001731-0.00002730i, +0.00000291-0.00128213i, +0.00035023+0.00102545i, -0.00042953-0.00064797i, +0.00078134-0.00229745i
+0.00107950-0.00205883i, -0.00018324+0.00050491i, -0.00112779+0.00028965i, +0.00078233-0.00034113i, +0.00028340+0.00079865i, -0.00010865+0.00007102i, -0.00014267+0.00020099i, +0.00060153-0.00028316i, -0.00120071+0.00297742i, -0.00192149-0.00059343i, +0.01658520+0.00000000i, +0.00008348-0.00094393i, -0.00081498-0.00075044i, -0.00003380-0.00014512i, +0.00051121-0.00267277i, -0.00044497-0.00004790i, -0.00102525+0.00110861i, -0.00082912-0.00038002i, +0.00066402-0.00076358i, -0.00089110-0.00093344i, -0.00056336-0.00028721i, +0.00056010+0.00043812i, +0.00036079-0.00074000i, +0.00040759+0.00022323i, -0.00062712+0.00025312i, -0.00197020+0.00002086i, +0.00120814-0.00062193i, -0.00028286+0.00052875i, -0.00016387-0.00074107i, -0.00014660+0.00021123i, +0.00081962+0.00005723i, +0.00122426+0.00022574i, +0.00082408+0.00174740i, +0.00034419-0.00001144i, -0.00017775+0.00061809i, -0.00088437-0.00030365i, -0.00092573-0.00027713i, -0.00074402-0.00053601i, +0.00035612-0.00041367i, +0.00005766+0.00038383i, +0.00145630-0.00056975i, -0.00001556+0.00123079i, +0.00031240+0.00032563i, -0.00036125+0.00030019i, +0.00119518-0.00210947i, -0.00049963+0.00017148i, +0.00003169+0.00039284i, +0.00040478+0.00021262i, -0.00089572-0.00117202i, -0.00009125+0.00078973i, +0.00030044-0.00031376i, +0.00000959-0.00071746i, +0.00131896-0.00200352i, +0.00117883-0.00002010i, +0.00000712+0.00141842i, +0.00069942-0.00007234i, -0.00099775-0.00055494i, -0.00006514-0.00003092i, -0.00019667+0.00186040i, -0.00025184+0.00031908i, -0.00020334+0.00120197i, +0.00041138-0.00064803i, +0.00028128+0.00035858i, -0.00115404+0.00186593i
+0.00163459+0.00064299i, -0.00075335+0.00007539i, -0.00010572-0.00105358i, +0.00036634+0.00098459i, +0.00005870+0.00017829i, +0.00013651-0.00012363i, +0.00032589-0.00035324i, +0.00079390+0.00058712i, -0.00230551-0.00048273i, +0.00038426-0.00164327i, +0.00008348+0.00094393i, +0.01547626-0.00000000i, -0.00012587-0.00067609i, -0.00000348+0.00042572i, +0.00165256+0.00019694i, +0.00041897-0.00119171i, -0.00104590-0.00094808i, +0.00044985-0.00112843i, +0.00072596+0.00054772i, +0.00096456-0.00100306i, +0.00068593-0.00026813i, -0.00044950+0.00033333i, +0.00077394+0.00032504i, -0.00021510+0.00038976i, -0.00008065-0.00037031i, -0.00064476-0.00218041i, +0.00104386+0.00097483i, -0.00022118+0.00000299i, +0.00048294-0.00067483i, -0.00043381-0.00043324i, +0.00017719+0.00064496i, +0.00034535+0.00065337i, -0.00087725+0.00075977i, +0.00005911+0.00055496i, -0.00088810-0.00023815i, +0.00020761-0.00088764i, +0.00009383-0.00032355i, +0.00035321-0.00044928i, +0.00034618+0.00070765i, -0.00050896+0.00014155i, +0.00033914+0.00139067i, -0.00103944+0.00009416i, -0.00053302+0.00079384i, -0.00033686-0.00101775i, +0.00141102+0.00058542i, -0.00034301-0.00010368i, -0.00060061-0.00017265i, -0.00018645-0.00019286i, +0.00077208-0.00085539i, -0.00080436+0.00002138i, +0.00002533+0.00001662i, +0.00059063-0.00041348i, +0.00071637+0.00087618i, +0.00047430+0.00117357i, -0.00084205-0.00047879i, +0.00014152+0.00092912i, +0.00086599-0.00082992i, -0.00009027-0.00046610i, -0.00026470+0.00006895i, -0.00060275+0.00010278i, -0.00120112-0.00045129i, +0.00089442-0.00006998i, -0.00034881+0.00014204i, -0.00202990-0.00093678i
+0.00026971+0.00156308i, -0.00035484-0.00027338i, +0.00081470-0.00015852i, +0.00002972+0.00035394i, +0.00002821-0.00064685i, +0.00006209+0.00034002i, -0.00008889-0.00021576i, -0.00040648-0.00006771i, -0.00059129-0.00106020i, +0.00043539-0.00045864i, -0.00081498+0.00075044i, -0.00012587+0.00067609i, +0.01621605+0.00000000i, -0.00033465+0.00072372i, +0.00082007+0.00131556i, +0.00103989-0.00012689i, +0.00031180-0.00081654i, +0.00060566-0.00040068i, +0.00017721+0.00006949i, +0.00053111+0.00009851i, +0.00075741+0.00041491i, -0.00044537-0.00033941i, +0.00018227+0.00057410i, -0.00065830-0.00000462i, +0.00011582-0.00024071i, +0.00058190-0.00117751i, -0.00015801+0.00054618i, -0.00002484-0.00026056i, +0.00016011+0.00033069i, +0.00041198+0.00031351i, -0.00006148+0.00023275i, -0.00047309+0.00034640i, -0.00027736-0.00020572i, -0.00021618+0.00020362i, -0.00040141-0.00075234i, +0.00043381-0.00029674i, +0.00006875-0.00020186i, +0.00059638-0.00029489i, +0.00014165+0.00049425i, -0.00024051+0.00016097i, -0.00049607+0.00070896i, -0.00024029-0.00046999i, -0.00011372+0.00105416i, +0.00017323-0.00006463i, +0.00017707+0.00035580i, +0.00070483-0.00055861i, -0.00049639-0.00023426i, -0.00021154+0.00002963i, +0.00079570-0.00003427i, -0.00026666-0.00070692i, -0.00030938+0.00022356i, +0.00045895-0.00014461i, +0.00003628+0.00123531i, -0.00027659+0.00062220i, -0.00068946-0.00066829i, -0.00007778+0.00019631i, +0.00080595-0.00001543i, +0.00035096+0.00003056i, -0.00039255-0.00054025i, +0.00033542-0.00020649i, -0.00028216+0.00063088i, +0.00010319+0.00031645i, -0.00064254-0.00018224i, -0.00026993-0.00122550i
+0.00013325-0.00050934i, +0.00004726+0.00052506i, -0.00044894+0.00003668i, -0.00036273-0.00005913i, -0.00043136+0.00017166i, +0.00018482-0.00029447i, -0.00041557+0.00047075i, +0.00028676-0.00008855i, -0.00021408+0.00072101i, -0.00033092-0.00045697i, -0.00003380+0.00014512i, -0.00000348-0.00042572i, -0.00033465-0.00072372i, +0.01413480-0.00000000i, +0.00048492-0.00047845i, -0.00033211-0.00019006i, -0.00037623+0.00004336i, -0.00021693-0.00036498i, +0.00027093-0.00032968i, -0.00012824-0.00018964i, -0.00002640-0.00014256i, +0.00010172+0.00090329i, -0.00011606-0.00042764i, +0.00031697-0.00033337i, +0.00007200-0.00000099i, -0.00072581+0.00026084i, +0.00008763-0.00026452i, -0.00029988-0.00004538i, -0.00015742+0.00006179i, -0.00039128+0.00009270i, +0.00035749+0.00010617i, +0.00038958+0.00019426i, +0.00041579+0.00021183i, +0.00047444+0.00010730i, -0.00034532+0.00058751i, +0.00020344-0.00016639i, -0.00034598+0.00004147i, -0.00026400-0.00013576i, -0.00001406-0.00011651i, -0.00014993-0.00024739i, +0.00037771-0.00026816i, -0.00048842+0.00041425i, +0.00048768+0.00003170i, -0.00047283-0.00097568i, +0.00021454-0.00055968i, -0.00039031-0.00061458i, -0.00006259+0.00019734i, +0.00029106-0.00013909i, +0.00017431-0.00028682i, -0.00020264+0.00038400i, -0.00004078+0.00020649i, -0.00016774+0.00021597i, +0.00030412+0.00006492i, -0.00001457+0.00029486i, -0.00017057+0.00019781i, +0.00096071-0.00008085i, -0.00001765-0.00062482i, -0.00023518+0.00010684i, -0.00000902+0.00014842i, -0.00001580+0.00039920i, -0.00030294+0.00050768i, +0.00005370+0.00025753i, -0.00011604+0.00044620i, -0.00023806+0.00072012i
+0.00375589+0.00115932i, -0.00098904+0.00012394i, -0.00047095-0.00157919i, +0.00091691+0.00153139i, -0.00040491+0.00051291i, -0.00026003+0.00033886i, +0.00010708-0.00088491i, +0.00074669+0.00099451i, -0.00407890-0.00080016i, -0.00013549-0.00148483i, +0.00051121+0.00267277i, +0.00165256-0.00019694i, +0.00082007-0.00131556i, +0.00048492+0.00047845i, +0.01864848-0.00000000i, +0.00005130-0.00128473i, -0.00148488-0.00174685i, +0.00057005-0.00133464i, +0.00115941+0.00036944i, +0.00100357-0.00121569i, +0.00085903-0.00177170i, -0.00056590+0.00121558i, +0.00098281+0.00049060i, -0.00043979+0.00064545i, -0.00031956-0.00047223i, -0.00120130-0.00327740i, +0.00156348+0.00156356i, -0.00044651-0.00037823i, +0.00109718+0.00001279i, -0.00073927-0.00016644i, +0.00009568+0.00068687i, -0.00001016+0.00158152i, -0.00174790+0.00145879i, +0.00053931+0.00086967i, -0.00194349-0.00075992i, +0.00016665-0.00139353i, -0.00023075-0.00107326i, +0.00065789-0.00117903i, +0.00055794+0.00094684i, -0.00074521+0.00013352i, +0.00095721+0.00282709i, -0.00183172+0.00054189i, -0.00114193+0.00131413i, -0.00068438-0.00049189i, +0.00316632+0.00073684i, -0.00034505-0.00114855i, -0.00126712-0.00012977i, -0.00006838+0.00067936i, +0.00170716-0.00166771i, -0.00196277-0.00019310i, +0.00023883-0.00003955i, +0.00065599-0.00077142i, +0.00305076+0.00106861i, +0.00098916+0.00175838i, -0.00204527-0.00026273i, +0.00024284+0.00120300i, +0.00078566-0.00237339i, +0.00022134-0.00021900i, -0.00081584+0.00014236i, -0.00078356+0.00004569i, -0.00129540+0.00037095i, +0.00140474+0.00038399i, -0.00036188+0.00172822i, -0.00346751-0.00133496i
+0.00008741+0.00101812i, -0.00053874-0.00056038i, +0.00053976-0.00023885i, -0.00033720+0.00011513i, +0.00015836-0.00015481i, +0.00017868-0.00007865i, -0.00045825+0.00019390i, +0.00011404-0.00007060i, -0.00038315-0.00117219i, +0.00046780-0.00027600i, -0.00044497+0.00004790i, +0.00041897+0.00119171i, +0.00103989+0.00012689i, -0.00033211+0.00019006i, +0.00005130+0.00128473i, +0.01454327+0.00000000i, +0.00059378-0.00054143i, +0.00049124+0.00022101i, +0.00040959+0.00035142i, +0.00064842+0.00034458i, +0.00080107+0.00027595i, -0.00063403+0.00002736i, +0.00002602+0.00046858i, -0.00057560+0.00062054i, +0.00013434-0.00045225i, +0.00091651-0.00091296i, -0.00068962+0.00047698i, +0.00027565+0.00004588i, +0.00021214-0.00007157i, +0.00021627-0.00040358i, -0.00024275+0.00037001i, -0.00070315+0.00005403i, -0.00062775-0.00037623i, -0.00018483+0.00019637i, -0.00011169-0.00063952i, +0.00024088-0.00023565i, +0.00026792-0.00026422i, +0.00037112+0.00005700i, -0.00021057+0.00053140i, -0.00050664+0.00012548i, -0.00068467+0.00075494i, -0.00044093-0.00128080i, -0.00051900-0.00000846i, -0.00013391-0.00022776i, +0.00024198+0.00066019i, -0.00007099-0.00037758i, -0.00019448+0.00006952i, -0.00037462-0.00055911i, +0.00060928+0.00049600i, -0.00029830-0.00048666i, -0.00003644+0.00005895i, +0.00029622+0.00000190i, -0.00025219+0.00084301i, -0.00101349+0.00041775i, +0.00002261-0.00059334i, -0.00067422-0.00003262i, +0.00075309+0.00025040i, +0.00010780+0.00035781i, -0.00015163-0.00020015i, +0.00059841-0.00050102i, -0.00041376-0.00084389i, -0.00015824+0.00048578i, -0.00023271-0.00028724i, +0.00004544-0.00094695i
-0.00177889+0.00115224i, +0.00035622-0.00046118i, +0.00137962+0.00000462i, -0.00113201+0.00021568i, +0.00008707-0.00028341i, -0.00010620+0.00006584i, +0.00053761+0.00007362i, -0.00075050-0.00047353i, +0.00223997-0.00110299i, +0.00109537+0.00075890i, -0.00102525-0.00110861i, -0.00104590+0.00094808i, +0.00031180+0.00081654i, -0.00037623-0.00004336i, -0.00148488+0.00174685i, +0.00059378+0.00054143i, +0.01738539-0.00000000i, +0.00059202+0.00134919i, -0.00044270-0.00030660i, -0.00009429+0.00109789i, +0.00035028+0.00162360i, -0.00021784-0.00073432i, -0.00074891+0.00005480i, +0.00007551-0.00028284i, +0.00062602-0.00035461i, +0.00207305+0.00129021i, -0.00157868-0.00046042i, +0.00024224+0.00026581i, -0.00042798+0.00051712i, +0.00041008-0.00028251i, -0.00033959-0.00050341i, -0.00086338-0.00037139i, +0.00017733-0.00196735i, -0.00081059-0.00058401i, +0.00077192-0.00105375i, +0.00068767+0.00061674i, +0.00018588-0.00017627i, +0.00033826+0.00059084i, -0.00038229+0.00037143i, +0.00011168-0.00028660i, -0.00140134-0.00039680i, +0.00045150-0.00101340i, +0.00012867-0.00112964i, +0.00041784+0.00001152i, -0.00193038+0.00097396i, +0.00042632+0.00009054i, +0.00048199-0.00018455i, -0.00054958-0.00051530i, +0.00000460+0.00214576i, +0.00099614-0.00072280i, -0.00000195-0.00058256i, +0.00012237+0.00069968i, -0.00222123+0.00030377i, -0.00129785-0.00018231i, +0.00093473-0.00134390i, -0.00073260-0.00025521i, +0.00051164+0.00136022i, +0.00012873+0.00000441i, +0.00028893-0.00031982i, +0.00057549-0.00030675i, +0.00065789-0.00072343i, -0.00090660+0.00028286i, -0.00005573-0.00107515i, +0.00188785-0.00084753i
+0.00040058+0.00137209i, -0.00049873+0.00006535i, +0.00079515-0.00039597i, -0.00064243+0.00100158i, -0.00010528-0.00013108i, -0.00021596+0.00002975i, +0.00029241-0.00029950i, -0.00018551+0.00043602i, -0.00030277-0.00130464i, +0.00119861+0.00021578i, -0.00082912+0.00038002i, +0.00044985+0.00112843i, +0.00060566+0.00040068i, -0.00021693+0.00036498i, +0.00057005+0.00133464i, +0.00049124-0.00022101i, +0.00059202-0.00134919i, +0.01531429+0.00000000i, -0.00058748+0.00076922i, +0.00072783+0.00054196i, +0.00027360+0.00015358i, -0.00031839+0.00033041i, +0.00032606+0.00061629i, +0.00007393-0.00006752i, +0.00021236-0.00000324i, +0.00092507-0.00126389i, -0.00035655+0.00076429i, +0.00034043-0.00011314i, +0.00049946+0.00056495i, -0.00045590-0.00068613i, -0.00027576+0.00052481i, -0.00096517+0.00042854i, -0.00059097-0.00048016i, -0.00020080+0.00007595i, -0.00006751-0.00071479i, +0.00052348-0.00014550i, +0.00051353-0.00026401i, +0.00041241-0.00003648i, +0.00011941+0.00044503i, +0.00003124-0.00069541i, -0.00044739+0.00060838i, -0.00056519-0.00027669i, -0.00069869+0.00018515i, -0.00017102-0.00000719i, +0.00005003+0.00133811i, -0.00000425-0.00047055i, +0.00002687-0.00028897i, -0.00036050+0.00033148i, +0.00099941+0.00069681i, -0.00026009-0.00015138i, -0.00001630-0.00048939i, +0.00076823+0.00035897i, +0.00017249+0.00102836i, -0.00127427+0.00029219i, -0.00018966-0.00079256i, -0.00060958+0.00100418i, +0.00083330+0.00029258i, -0.00002980+0.00022888i, +0.00004587-0.00025116i, +0.00003704-0.00037583i, -0.00045233-0.00041767i, +0.00040149+0.00049390i, -0.00025251-0.00019217i, +0.00007493-0.00121816i
+0.00106295+0.00072167i, -0.00021130-0.00008644i, -0.00069442-0.00030063i, +0.00045980+0.00014628i, +0.00010670-0.00013909i, +0.00040656+0.00010504i, -0.00035535-0.00010296i, +0.00089035+0.00000704i, -0.00137315+0.00005438i, +0.00011684-0.00068861i, +0.00066402+0.00076358i, +0.00072596-0.00054772i, +0.00017721-0.00006949i, +0.00027093+0.00032968i, +0.00115941-0.00036944i, +0.00040959-0.00035142i, -0.00044270+0.00030660i, -0.00058748-0.00076922i, +0.01579205-0.00000000i, +0.00061620-0.00031708i, +0.00049949-0.00017296i, -0.00017263+0.00054703i, +0.00070350-0.00022793i, -0.00023259-0.00009068i, -0.00029435-0.00085174i, -0.00023272-0.00118935i, +0.00032144-0.00024903i, +0.00007814-0.00003785i, +0.00044631-0.00037452i, -0.00024325-0.00001251i, +0.00013688+0.00024550i, +0.00016486+0.00067117i, -0.00053177+0.00093743i, +0.00039240+0.00051157i, -0.00042603-0.00101836i, +0.00027525-0.00037296i, -0.00042537-0.00004419i, +0.00023640-0.00052204i, +0.00094291+0.00081750i, -0.00028238+0.00004061i, +0.00007251+0.00104400i, -0.00045453+0.00017027i, -0.00051545+0.00015346i, -0.00025148+0.00000390i, +0.00119003-0.00018925i, -0.00030708-0.00070815i, -0.00036920-0.00003200i, -0.00017361+0.00023689i, +0.00056472-0.00008000i, -0.00076921-0.00013274i, -0.00029619+0.00112265i, +0.00034270-0.00043753i, +0.00150680-0.00049218i, +0.00029786+0.00061711i, -0.00016791+0.00044092i, +0.00001483+0.00019927i, +0.00056225-0.00092865i, +0.00004844-0.00004739i, -0.00018266+0.00057909i, -0.00022199+0.00027490i, -0.00056538-0.00032275i, +0.00039955-0.00009869i, -0.00078842+0.00010585i, -0.00124295-0.00047539i
+0.00061434+0.00162455i, -0.00017055-0.00076065i, +0.00018805-0.00057314i, -0.00058350+0.00069611i, -0.00011604-0.00040505i, +0.00004863+0.00011372i, +0.00024135-0.00016250i, -0.00013327+0.00053851i, -0.00081099-0.00198028i, +0.00064035-0.00110265i, -0.00089110+0.00093344i, +0.00096456+0.00100306i, +0.00053111-0.00009851i, -0.00012824+0.00018964i, +0.00100357+0.00121569i, +0.00064842-0.00034458i, -0.00009429-0.00109789i, +0.00072783-0.00054196i, +0.00061620+0.00031708i, +0.01465688-0.00000000i, +0.00092413+0.00050923i, -0.00059184+0.00026807i, +0.00037410+0.00074711i, -0.00056974+0.00009426i, +0.00043721-0.00032767i, +0.00130246-0.00106287i, -0.00024337+0.00104143i, -0.00015462-0.00074016i, -0.00002306-0.00000721i, -0.00033327-0.00037948i, -0.00017653+0.00078181i, -0.00077074+0.00066800i, -0.00090215-0.00043348i, -0.00044531+0.00036851i, -0.00067577-0.00116189i, +0.00075673-0.00056831i, +0.00029148-0.00054803i, +0.00101582-0.00076949i, +0.00035630+0.00031742i, +0.00016424-0.00004679i, -0.00034685+0.00089994i, -0.00006250-0.00059338i, -0.00101058-0.00021639i, -0.00008675-0.00056986i, +0.00059958+0.00145352i, +0.00006806-0.00082596i, -0.00072086-0.00053452i, -0.00006471-0.00004551i, +0.00109694-0.00001053i, -0.00052814-0.00089211i, -0.00026418-0.00013809i, +0.00034831+0.00101609i, +0.00041175+0.00123072i, -0.00078639+0.00167158i, -0.00038965-0.00081106i, -0.00024414+0.00054620i, +0.00078683-0.00030158i, +0.00013852+0.00023968i, -0.00039970-0.00033319i, +0.00021228+0.00015825i, -0.00084372-0.00076862i, +0.00025577+0.00061951i, -0.00052781-0.00037426i, -0.00074127-0.00189193i
+0.00051708+0.00153015i, +0.00000712-0.00044242i, +0.00061377-0.00074405i, +0.00003019+0.00039110i, -0.00027257+0.00004757i, +0.00024624+0.00016889i, -0.00005012-0.00043326i, -0.00014756-0.00010215i, -0.00045582-0.00150552i, +0.00054685-0.00081540i, -0.00056336+0.00028721i, +0.00068593+0.00026813i, +0.00075741-0.00041491i, -0.00002640+0.00014256i, +0.00085903+0.00177170i, +0.00080107-0.00027595i, +0.00035028-0.00162360i, +0.00027360-0.00015358i, +0.00049949+0.00017296i, +0.00092413-0.00050923i, +0.01591918-0.00000000i, -0.00062128+0.00025697i, +0.00030119+0.00125860i, +0.00013480-0.00005399i, -0.00005374-0.00097772i, +0.00078318-0.00163114i, -0.00029410+0.00058994i, +0.00023752-0.00023690i, +0.00021391+0.00071209i, +0.00013342-0.00025915i, -0.00032197+0.00026778i, -0.00081729+0.00049111i, -0.00017519-0.00061241i, +0.00004012+0.00034128i, -0.00031142-0.00105121i, +0.00082492-0.00036776i, +0.00036130-0.00116105i, +0.00017373-0.00032746i, -0.00007589+0.00052046i, -0.00035314-0.00001716i, -0.00077540+0.00097272i, -0.00036427-0.00070084i, -0.00021059+0.00045106i, +0.00011613-0.00044087i, +0.00052332+0.00129535i, +0.00019251-0.00019609i, -0.00094766-0.00005814i, -0.00023935+0.00020999i, +0.00108839+0.00051820i, -0.00030700-0.00080333i, -0.00010350+0.00071968i, +0.00039254-0.00005733i, +0.00030884+0.00199164i, -0.00024821+0.00087906i, -0.00054186-0.00090613i, -0.00031399+0.00044367i, +0.00098281-0.00000861i, +0.00027060+0.00017982i, -0.00022374-0.00052084i, +0.00015640-0.00023720i, -0.00081604-0.00059574i, -0.00020633+0.00058727i, -0.00032627-0.00043499i, -0.00060973-0.00151346i
+0.00005711-0.00112335i, +0.00020492+0.00070417i, -0.00037966+0.00044286i, +0.00000457-0.00029718i, +0.00022214+0.00035526i, +0.00003897+0.00003712i, -0.00012001-0.00000952i, +0.00006851-0.00030763i, +0.00064599+0.00135924i, -0.00072067+0.00037655i, +0.00056010-0.00043812i, -0.00044950-0.00033333i, -0.00044537+0.00033941i, +0.00010172-0.00090329i, -0.00056590-0.00121558i, -0.00063403-0.00002736i, -0.00021784+0.00073432i, -0.00031839-0.00033041i, -0.00017263-0.00054703i, -0.00059184-0.00026807i, -0.00062128-0.00025697i, +0.01436088-0.00000000i, +0.00017998-0.00092151i, +0.00026419-0.00037080i, -0.00022530+0.00006200i, -0.00054648+0.00089182i, +0.00038368-0.00069514i, -0.00055107+0.00045573i, -0.00045153+0.00013445i, +0.00040820+0.00102778i, +0.00059557+0.00012713i, +0.00042231-0.00024883i, +0.00090926+0.00051597i, +0.00083784-0.00059330i, +0.00031560+0.00096705i, -0.00047791+0.00028874i, -0.00016401+0.00000339i, -0.00049709-0.00011545i, +0.00017642-0.00045139i, +0.00013133-0.00008822i, +0.00068193-0.00086657i, +0.00041092+0.00062879i, +0.00069066+0.00009369i, +0.00002090+0.00064477i, -0.00038018-0.00131408i, -0.00039116+0.00058324i, +0.00043389+0.00033613i, +0.00056918-0.00037981i, -0.00058943-0.00039529i, +0.00071415+0.00098322i, +0.00005785-0.00017370i, -0.00060158-0.00037398i, -0.00002044-0.00091474i, +0.00043508+0.00028693i, +0.00029282+0.00087452i, +0.00053859-0.00017161i, -0.00096639+0.00011788i, +0.00014643+0.00035128i, +0.00015740+0.00030209i, +0.00045561+0.00072539i, +0.00016400+0.00064324i, -0.00036022-0.00057425i, +0.00061081+0.00023232i, -0.00015586+0.00121556i
+0.00129161+0.00028980i, -0.00050984-0.00010669i, -0.00026542-0.00068612i, +0.00034168+0.00010143i, -0.00030016+0.00036706i, +0.00021683+0.00001595i, +0.00019818-0.00027334i, +0.00065301+0.00052677i, -0.00174271-0.00010094i, -0.00007706-0.00087898i, +0.00036079+0.00074000i, +0.00077394-0.00032504i, +0.00018227-0.00057410i, -0.00011606+0.00042764i, +0.00098281-0.00049060i, +0.00002602-0.00046858i, -0.00074891-0.00005480i, +0.00032606-0.00061629i, +0.00070350+0.00022793i, +0.00037410-0.00074711i, +0.00030119-0.00125860i, +0.00017998+0.00092151i, +0.01542630-0.00000000i, -0.00009217+0.00015458i, +0.00008161-0.00048365i, -0.00077964-0.00133167i, +0.00141980+0.00086821i, -0.00032959-0.00007475i, +0.00041592+0.00024210i, -0.00031051+0.00010246i, +0.00046030+0.00083929i, +0.00058953+0.00100396i, -0.00077541+0.00047149i, +0.00039265+0.00025687i, -0.00146363+0.00006375i, +0.00008311-0.00080263i, -0.00000757-0.00050842i, -0.00005351-0.00060281i, +0.00039676-0.00062473i, +0.00020963+0.00019951i, +0.00043181+0.00070231i, -0.00064246+0.00014475i, -0.00006925+0.00043051i, -0.00038710+0.00008047i, +0.00174117+0.00023545i, -0.00006068-0.00049240i, -0.00058828+0.00020738i, +0.00013633+0.00008760i, +0.00072194+0.00022264i, -0.00081195-0.00003473i, -0.00043276+0.00009623i, +0.00042087-0.00032528i, +0.00106306+0.00080545i, +0.00033539+0.00065786i, -0.00069215+0.00087147i, +0.00013994+0.00060792i, +0.00048102-0.00080194i, -0.00003999-0.00039168i, -0.00060619+0.00008391i, -0.00039332+0.00003874i, -0.00096287-0.00016552i, +0.00072966-0.00005114i, -0.00040805+0.00018823i, -0.00138786-0.00038757i
-0.00035439-0.00077587i, -0.00004181+0.00030688i, -0.00046708-0.00010555i, +0.00020738-0.00029138i, +0.00015476-0.00031098i, +0.00010784-0.00021982i, +0.00001338+0.00017405i, +0.00025995+0.00010754i, +0.00020155+0.00103267i, -0.00032700+0.00004527i, +0.00040759-0.00022323i, -0.00021510-0.00038976i, -0.00065830+0.00000462i, +0.00031697+0.00033337i, -0.00043979-0.00064545i, -0.00057560-0.00062054i, +0.00007551+0.00028284i, +0.00007393+0.00006752i, -0.00023259+0.00009068i, -0.00056974-0.00009426i, +0.00013480+0.00005399i, +0.00026419+0.00037080i, -0.00009217-0.00015458i, +0.01393580+0.00000000i, -0.00013756-0.00001275i, -0.00102295+0.00092692i, +0.00028782-0.00033840i, +0.00027141+0.00043507i, -0.00019157-0.00023610i, -0.00034584-0.00018367i, +0.00032355+0.00021374i, +0.00057090+0.00027992i, +0.00006745+0.00033488i, +0.00017577+0.00019821i, +0.00008644+0.00070296i, -0.00075353+0.00028787i, -0.00015470+0.00003607i, -0.00038314+0.00014219i, -0.00006134-0.00037139i, +0.00005525-0.00024865i, +0.00023371-0.00052732i, +0.00013142+0.00026625i, +0.00027164-0.00006130i, -0.00003162+0.00003197i, -0.00029536-0.00066073i, -0.00081096+0.00061350i, +0.00035309+0.00031134i, -0.00023145+0.00004904i, -0.00055865+0.00007592i, +0.00013745+0.00003485i, -0.00008820+0.00013142i, -0.00075399+0.00019939i, +0.00000049-0.00047310i, +0.00021669-0.00071129i, -0.00005996+0.00044395i, +0.00050176+0.00097882i, -0.00053318-0.00007788i, +0.00016941+0.00019695i, +0.00037434+0.00040869i, +0.00003433-0.00005422i, +0.00002193+0.00046072i, +0.00033936-0.00042530i, +0.00011452+0.00019812i, -0.00026769+0.00083270i
-0.00073201+0.00094448i, -0.00011278-0.00024214i, +0.00000437+0.00039610i, -0.00026793+0.00034858i, -0.00073293-0.00023520i, -0.00014614+0.00027831i, +0.00016343-0.00044784i, +0.00007723-0.00010745i, +0.00099572-0.00078268i, +0.00047127-0.00000305i, -0.00062712-0.00025312i, -0.00008065+0.00037031i, +0.00011582+0.00024071i, +0.00007200+0.00000099i, -0.00031956+0.00047223i, +0.00013434+0.00045225i, +0.00062602+0.00035461i, +0.00021236+0.00000324i, -0.00029435+0.00085174i, +0.00043721+0.00032767i, -0.00005374+0.00097772i, -0.00022530-0.00006200i, +0.00008161+0.00048365i, -0.00013756+0.00001275i, +0.01617615-0.00000000i, +0.00081787+0.00043978i, -0.00050414-0.00022123i, -0.00041722-0.00003330i, -0.00000449+0.00007912i, +0.00015960-0.00002926i, -0.00027262+0.00031282i, -0.00067901-0.00036569i, -0.00053983-0.00058448i, -0.00011762+0.00028512i, -0.00022504-0.00048602i, +0.00041255-0.00009163i, +0.00012291-0.00024527i, -0.00000601+0.00017095i, -0.00032576+0.00066538i, -0.00006861-0.00001761i, -0.00061843+0.00077991i, +0.00032715-0.00024136i, -0.00049273+0.00013085i, +0.00005556-0.00008551i, +0.00033664+0.00087881i, +0.00023047-0.00032149i, -0.00041786+0.00011515i, +0.00004688-0.00020537i, +0.00018368-0.00021951i, +0.00007377-0.00032598i, -0.00061197+0.00034416i, +0.00024133+0.00013114i, -0.00046457+0.00079340i, -0.00017365-0.00009270i, -0.00012820-0.00022150i, -0.00012638-0.00006105i, +0.00042517+0.00128812i, +0.00018632+0.00018670i, +0.00013687-0.00040750i, -0.00013268-0.00012428i, -0.00019803-0.00045231i, -0.00037617-0.00005261i, -0.00045843+0.00077135i, +0.00037870-0.00078259i
