+0.01583578+0.00000000i, +0.00034634-0.00016875i, +0.00007931-0.00006169i, +0.00031329+0.00006248i, -0.00017210-0.00022931i, -0.00010373+0.00014743i, +0.00026997-0.00017098i, -0.00009934-0.00020270i, +0.00012972+0.00022103i, -0.00004044-0.00008836i, +0.00009526+0.00000351i, -0.00016359+0.00000069i, -0.00008986-0.00014911i, -0.00044017-0.00006439i, +0.00011474+0.00014329i, +0.00010566-0.00009564i, +0.00016045-0.00016121i, -0.00000865+0.00021893i, +0.00010827-0.00013506i, +0.00014259-0.00001342i, +0.00012801-0.00021953i, +0.00010075+0.00019586i, -0.00030085+0.00005656i, -0.00018057+0.00009780i, +0.00031846+0.00004593i, -0.00006285+0.00006374i, -0.00005677-0.00009497i, +0.00018628-0.00030663i, +0.00011522-0.00012591i, +0.00011662+0.00007297i, -0.00002529+0.00006257i, -0.00008264+0.00016644i, -0.00017068-0.00024776i, +0.00014525-0.00002667i, -0.00009937-0.00000111i, -0.00018935-0.00010188i, +0.00020550+0.00016946i, +0.00027190-0.00001412i, -0.00002421-0.00003951i, +0.00005681+0.00026390i, +0.00022297-0.00004269i, +0.00014276+0.00022049i, +0.00005069+0.00003493i, -0.00002187-0.00003287i, +0.00020404+0.00001645i, -0.00001824+0.00015170i, -0.00005814+0.00000311i, -0.00004616-0.00005128i, +0.00002207-0.00017277i, -0.00007907-0.00009781i, +0.00008808+0.00008815i, -0.00001693+0.00006920i, +0.00005802+0.00017136i, +0.00008017+0.00021026i, -0.00013266-0.00014096i, +0.00006860-0.00004449i, -0.00000477-0.00003872i, +0.00008857-0.00002263i, -0.00018745+0.00009731i, +0.00015624-0.00005385i, +0.00023032-0.00004600i, +0.00003091+0.00017600i, -0.00002798-0.00027967i, -0.00003569-0.00010584i
+0.00034634+0.00016875i, +0.01583608+0.00000000i, +0.00030054-0.00017746i, +0.00002313+0.00011036i, -0.00004840-0.00019551i, -0.00011756+0.00010295i, +0.00014642-0.00015347i, -0.00018885-0.00018754i, +0.00013733+0.00033087i, -0.00006054+0.00013394i, -0.00003500+0.00001824i, -0.00022545-0.00011589i, -0.00001314-0.00006329i, -0.00040223+0.00002270i, -0.00008186+0.00014180i, +0.00007754-0.00019773i, +0.00014931+0.00000978i, +0.00001632+0.00015420i, +0.00012323-0.00001666i, +0.00005546+0.00010835i, +0.00018007-0.00014280i, +0.00009903+0.00023308i, -0.00015239-0.00008417i, -0.00023056-0.00004105i, +0.00015899+0.00002808i, -0.00005086-0.00001378i, -0.00013158-0.00009566i, +0.00032937-0.00018723i, +0.00013808-0.00002320i, +0.00009880+0.00006826i, +0.00007896-0.00000734i, -0.00015815+0.00010653i, -0.00010532-0.00015191i, +0.00004056-0.00017465i, -0.00002495-0.00009046i, -0.00025701-0.00009154i, +0.00013115+0.00011748i, +0.00024458+0.00001355i, -0.00001427-0.00000833i, +0.00004688+0.00034620i, +0.00014720+0.00001396i, +0.00020634+0.00022181i, +0.00004120-0.00006889i, +0.00000731+0.00001319i, +0.00014336+0.00004045i, +0.00001008+0.00017451i, +0.00002302+0.00006226i, +0.00002135-0.00005926i, +0.00010924-0.00014868i, -0.00008909-0.00010492i, +0.00005379+0.00007924i, +0.00003107+0.00012986i, -0.00000701+0.00018570i, -0.00006323+0.00020410i, -0.00005929-0.00009403i, +0.00014187-0.00004303i, -0.00006319+0.00019498i, +0.00016504+0.00003207i, -0.00011781+0.00007058i, +0.00018361+0.00002033i, +0.00021408+0.00000182i, -0.00007454+0.00016063i, +0.00000774-0.00021958i, -0.00009254-0.00001821i
+0.00007931+0.00006169i, +0.00030054+0.00017746i, +0.01533596+0.00000000i, +0.00000963+0.00010858i, +0.00005768-0.00014111i, -0.00011142+0.00007991i, +0.00011249-0.00002420i, +0.00007445-0.00016259i, -0.00002189+0.00014781i, -0.00005880-0.00000161i, -0.00011769+0.00008176i, -0.00002694-0.00010901i, +0.00003328-0.00002993i, -0.00005694-0.00019513i, +0.00002532+0.00011751i, +0.00015853-0.00000438i, +0.00006067+0.00004295i, -0.00003037+0.00004843i, +0.00005912+0.00004300i, +0.00003271+0.00006127i, +0.00004491+0.00010178i, -0.00002632+0.00005047i, -0.00005866-0.00000116i, -0.00003574-0.00008292i, +0.00005280+0.00001261i, -0.00012455-0.00001218i, +0.00001747-0.00002760i, +0.00005946+0.00001901i, +0.00003887-0.00000892i, +0.00005994+0.00000387i, +0.00002118-0.00003474i, -0.00007311-0.00003242i, +0.00001278-0.00004555i, +0.00003155-0.00001111i, -0.00007959-0.00019237i, -0.00008342-0.00009721i, +0.00002725+0.00002724i, +0.00003041+0.00006872i, -0.00004597-0.00007020i, +0.00001421+0.00010186i, +0.00000438-0.00003851i, +0.00000704+0.00005494i, +0.00014280+0.00004860i, -0.00001082+0.00005730i, +0.00003356+0.00000226i, -0.00006153+0.00009344i, -0.00001087-0.00002549i, -0.00001310-0.00000771i, +0.00007491-0.00001140i, +0.00001604-0.00009812i, -0.00001286-0.00004399i, +0.00009562+0.00001368i, -0.00006776-0.00003740i, -0.00005503+0.00006352i, +0.00004530-0.00008469i, +0.00007482+0.00002600i, -0.00006052+0.00000478i, -0.00000641+0.00011390i, -0.00004470-0.00005028i, +0.00006519+0.00011351i, +0.00000990+0.00001336i, -0.00003289+0.00002419i, +0.00011305-0.00005104i, -0.00008328-0.00006400i
+0.00031329-0.00006248i, +0.00002313-0.00011036i, +0.00000963-0.00010858i, +0.01563786+0.00000000i, -0.00005734+0.00000907i, -0.00001810+0.00010056i, +0.00000682-0.00007434i, -0.00002822+0.00011320i, +0.00004500-0.00002685i, -0.00001334-0.00008066i, -0.00006937+0.00003816i, -0.00002960+0.00015899i, -0.00002714+0.00009917i, -0.00010546+0.00018978i, -0.00003018-0.00013467i, +0.00002097-0.00007782i, -0.00004422-0.00005486i, +0.00011391+0.00001129i, +0.00001619+0.00002503i, +0.00013764-0.00023759i, -0.00013493-0.00015111i, +0.00021396-0.00015466i, -0.00000768+0.00014257i, +0.00004352+0.00018899i, -0.00004299-0.00009959i, -0.00001786-0.00003602i, -0.00012199+0.00013180i, -0.00003850-0.00006785i, -0.00000425-0.00017721i, -0.00002002-0.00004549i, -0.00003078+0.00002405i, +0.00011114+0.00006076i, -0.00002211+0.00009675i, -0.00006383-0.00005769i, -0.00004946+0.00000236i, -0.00005190+0.00009232i, +0.00006734-0.00015619i, -0.00006633-0.00009484i, -0.00004058+0.00001915i, +0.00012871-0.00013640i, -0.00004099-0.00008790i, +0.00011281-0.00005194i, +0.00001384-0.00007131i, +0.00009317+0.00005934i, -0.00000995-0.00010765i, +0.00011542+0.00002904i, +0.00004818-0.00002234i, -0.00018230-0.00001848i, -0.00004639-0.00000208i, -0.00002873-0.00000938i, +0.00006221-0.00002348i, +0.00001326-0.00005242i, +0.00010029-0.00000900i, +0.00012375-0.00000345i, -0.00001205+0.00005201i, -0.00003472-0.00007797i, +0.00014814+0.00006188i, +0.00000192-0.00002816i, +0.00010329+0.00009025i, +0.00004500-0.00018963i, -0.00000248-0.00003020i, +0.00012627+0.00004441i, -0.00012972+0.00005605i, -0.00007520+0.00005485i
-0.00017210+0.00022931i, -0.00004840+0.00019551i, +0.00005768+0.00014111i, -0.00005734-0.00000907i, +0.01575947-0.00000000i, +0.00007303-0.00015452i, +0.00006219-0.00002819i, -0.00004677+0.00008065i, -0.00007911+0.00015318i, -0.00011254-0.00005287i, -0.00000181+0.00000694i, +0.00009447-0.00011207i, +0.00017240+0.00006358i, +0.00016997-0.00026103i, -0.00019862+0.00001183i, +0.00004249+0.00004388i, +0.00009569+0.00008406i, -0.00011056-0.00005695i, +0.00001871+0.00026119i, -0.00004745+0.00003158i, +0.00006638+0.00016266i, -0.00009937-0.00001470i, +0.00010728-0.00023984i, +0.00008902-0.00015614i, -0.00004629+0.00020671i, -0.00008637+0.00001884i, +0.00012596+0.00003677i, +0.00013057+0.00026780i, -0.00005601+0.00008800i, -0.00003266+0.00004757i, +0.00001328+0.00000163i, -0.00001541-0.00018018i, +0.00016232-0.00000650i, -0.00003737+0.00009924i, -0.00000383-0.00006362i, +0.00011204-0.00018684i, -0.00025605-0.00007567i, -0.00010864+0.00017631i, +0.00002841-0.00005831i, -0.00020371+0.00000260i, -0.00012553-0.00003239i, -0.00020504-0.00000335i, +0.00000361+0.00002561i, -0.00001037-0.00000756i, -0.00009914+0.00013106i, -0.00006976-0.00002488i, +0.00000075+0.00002358i, +0.00006329-0.00002035i, +0.00003804+0.00009278i, -0.00000288-0.00002313i, -0.00009727-0.00000155i, +0.00001590-0.00002576i, -0.00015089-0.00002744i, -0.00016319-0.00008101i, +0.00014333-0.00007525i, +0.00001911+0.00012098i, -0.00004980+0.00001845i, -0.00014504+0.00006893i, -0.00001059-0.00015272i, +0.00004448+0.00010775i, -0.00006281+0.00024811i, -0.00012243-0.00005545i, +0.00027583+0.00016102i, +0.00003552-0.00001275i
-0.00010373-0.00014743i, -0.00011756-0.00010295i, -0.00011142-0.00007991i, -0.00001810-0.00010056i, +0.00007303+0.00015452i, +0.01575352-0.00000000i, -0.00044703+0.00004733i, -0.00009801+0.00020959i, +0.00011125-0.00004753i, +0.00002237+0.00003377i, +0.00008903-0.00009217i, +0.00002063+0.00022082i, -0.00004682+0.00022083i, +0.00024795+0.00013401i, -0.00001197-0.00016199i, -0.00001963+0.00006818i, +0.00001632-0.00002524i, +0.00006498-0.00013438i, -0.00014149-0.00003113i, -0.00002037-0.00017074i, -0.00016591-0.00004257i, +0.00006437-0.00022500i, +0.00014999+0.00006361i, +0.00008814+0.00008265i, -0.00013429-0.00010082i, -0.00010598+0.00010670i, +0.00008797+0.00008687i, -0.00016653+0.00002357i, -0.00015029-0.00000576i, -0.00008162-0.00011247i, -0.00003968-0.00007842i, +0.00013390+0.00003699i, -0.00001583+0.00019280i, -0.00005199+0.00004408i, +0.00002901+0.00005086i, +0.00011632+0.00022454i, -0.00005478-0.00010929i, -0.00016275-0.00022345i, -0.00004887+0.00010100i, +0.00015403-0.00020072i, -0.00006413-0.00001125i, +0.00002298-0.00020170i, -0.00011245-0.00008104i, +0.00000636-0.00002975i, -0.00010420-0.00000962i, -0.00001799-0.00005463i, +0.00000446-0.00001134i, +0.00000823+0.00004244i, -0.00013364+0.00008642i, -0.00007821+0.00005806i, -0.00004094-0.00008892i, +0.00001315-0.00004638i, +0.00001758-0.00015778i, -0.00002481-0.00010911i, -0.00009587+0.00013225i, -0.00013221+0.00001542i, +0.00011436-0.00006489i, +0.00000124-0.00005221i, +0.00016296-0.00001327i, -0.00013320-0.00000149i, -0.00018079-0.00005508i, +0.00005081+0.00006421i, -0.00004308+0.00015092i, +0.00002361+0.00004337i
+0.00026997+0.00017098i, +0.00014642+0.00015347i, +0.00011249+0.00002420i, +0.00000682+0.00007434i, +0.00006219+0.00002819i, -0.00044703-0.00004733i, +0.01560472+0.00000000i, +0.00013548-0.00015005i, -0.00014338+0.00018594i, +0.00006871+0.00011482i, +0.00003303+0.00003369i, +0.00003606-0.00002006i, +0.00016763-0.00014750i, -0.00013945-0.00019703i, -0.00001206+0.00004265i, -0.00000639-0.00000868i, +0.00003674+0.00009761i, -0.00013449+0.00007181i, +0.00000346+0.00009193i, +0.00003732+0.00005109i, +0.00021373+0.00007996i, -0.00000798+0.00026006i, +0.00006641-0.00021627i, -0.00007470-0.00008301i, +0.00005750+0.00021218i, -0.00004148+0.00000747i, -0.00003045-0.00012402i, +0.00029518+0.00000512i, +0.00002276+0.00003463i, -0.00000288+0.00003463i, -0.00004249+0.00007080i, -0.00012764-0.00000693i, +0.00003573-0.00020501i, +0.00004895+0.00008614i, +0.00000631-0.00007265i, -0.00004618-0.00024408i, +0.00002260+0.00012032i, +0.00003588+0.00016088i, -0.00004668-0.00011986i, -0.00017399+0.00022424i, +0.00008803+0.00011984i, -0.00011126+0.00018522i, +0.00012675+0.00006048i, -0.00000179-0.00002666i, +0.00014134+0.00010849i, -0.00017079-0.00001545i, -0.00008261+0.00000704i, +0.00010238-0.00004870i, +0.00009534-0.00002474i, -0.00001329-0.00009433i, +0.00000082-0.00000751i, -0.00001953+0.00008561i, -0.00007591+0.00011456i, -0.00010757+0.00012860i, +0.00006156-0.00017733i, +0.00010678+0.00008113i, -0.00005588+0.00003956i, -0.00007082+0.00005902i, -0.00013772-0.00003591i, +0.00021544+0.00006284i, +0.00007182+0.00013168i, -0.00014017+0.00005340i, +0.00021751+0.00000947i, -0.00003919-0.00011687i
-0.00009934+0.00020270i, -0.00018885+0.00018754i, +0.00007445+0.00016259i, -0.00002822-0.00011320i, -0.00004677-0.00008065i, -0.00009801-0.00020959i, +0.00013548+0.00015005i, +0.01561652+0.00000000i, -0.00010891-0.00002670i, -0.00003783-0.00007028i, -0.00012271+0.00005936i, +0.00005728-0.00019691i, +0.00017212-0.00004530i, +0.00005691-0.00023214i, -0.00007826+0.00012714i, +0.00016727+0.00007856i, -0.00014278+0.00013811i, -0.00005437-0.00016595i, -0.00002203+0.00008868i, -0.00011786+0.00003745i, +0.00002324+0.00020701i, -0.00015846-0.00004770i, +0.00013795-0.00026093i, +0.00008922-0.00016403i, -0.00011379+0.00011348i, -0.00005987-0.00001585i, +0.00016182-0.00009738i, +0.00005684+0.00023374i, -0.00005358-0.00003870i, -0.00003416+0.00003738i, +0.00003455-0.00006851i, -0.00008448-0.00023197i, +0.00014740-0.00001209i, +0.00004396+0.00023506i, +0.00009923+0.00003720i, +0.00019049-0.00026539i, -0.00018222+0.00007304i, -0.00010067+0.00025884i, +0.00005833-0.00001052i, -0.00036514-0.00013931i, +0.00000302+0.00012652i, -0.00022800+0.00000940i, +0.00006636+0.00004393i, +0.00002696+0.00006979i, -0.00005164+0.00013342i, -0.00001507-0.00007769i, +0.00002145-0.00001360i, -0.00005994+0.00005465i, +0.00010502+0.00010419i, +0.00014713-0.00001368i, -0.00007819-0.00001048i, -0.00002777-0.00002276i, -0.00012007-0.00002645i, -0.00015859-0.00006952i, +0.00013135-0.00007149i, +0.00001471+0.00001494i, -0.00001776-0.00007864i, -0.00003788-0.00001663i, -0.00006177-0.00021612i, +0.00006084+0.00018750i, -0.00001709+0.00018379i, -0.00011952-0.00004230i, +0.00027782+0.00000308i, +0.00006445+0.00012496i
+0.00012972-0.00022103i, +0.00013733-0.00033087i, -0.00002189-0.00014781i, +0.00004500+0.00002685i, -0.00007911-0.00015318i, +0.00011125+0.00004753i, -0.00014338-0.00018594i, -0.00010891+0.00002670i, +0.01563331+0.00000000i, +0.00000548-0.00003772i, +0.00003733-0.00007917i, +0.00009546+0.00003394i, -0.00011630-0.00003877i, -0.00005490+0.00019973i, +0.00003785+0.00009401i, -0.00015845-0.00003139i, +0.00012905-0.00012836i, +0.00007403+0.00019393i, +0.00007486-0.00012284i, +0.00014891-0.00005136i, +0.00005931-0.00017612i, +0.00011135-0.00012466i, -0.00003520+0.00007756i, -0.00011307+0.00017037i, +0.00001583-0.00008673i, +0.00001800-0.00000356i, -0.00012679+0.00007955i, -0.00001687-0.00024199i, -0.00006646-0.00002998i, +0.00006226+0.00001182i, +0.00009184-0.00004771i, +0.00000561+0.00006287i, -0.00010881-0.00004928i, +0.00001014-0.00015850i, -0.00005166-0.00004866i, -0.00015033+0.00019795i, +0.00020198-0.00004127i, +0.00004378-0.00019187i, +0.00003910+0.00008039i, +0.00025677+0.00008621i, -0.00013716-0.00026755i, +0.00015891+0.00003490i, -0.00010814-0.00006405i, -0.00000185-0.00001738i, -0.00003363-0.00015844i, +0.00003621+0.00005201i, +0.00001010+0.00003407i, -0.00008139+0.00000738i, +0.00007383+0.00007199i, -0.00003591+0.00002658i, +0.00005693+0.00004999i, +0.00003443-0.00005260i, +0.00010029+0.00003950i, +0.00013567+0.00010863i, -0.00008547+0.00000475i, +0.00005602-0.00008816i, +0.00007389+0.00010166i, +0.00017502+0.00002196i, +0.00003314+0.00013551i, -0.00002856-0.00011602i, +0.00011058-0.00011309i, +0.00011241+0.00005412i, -0.00016574-0.00013756i, -0.00004765+0.00004995i
-0.00004044+0.00008836i, -0.00006054-0.00013394i, -0.00005880+0.00000161i, -0.00001334+0.00008066i, -0.00011254+0.00005287i, +0.00002237-0.00003377i, +0.00006871-0.00011482i, -0.00003783+0.00007028i, +0.00000548+0.00003772i, +0.01552940-0.00000000i, +0.00022397-0.00007478i, +0.00002299-0.00000431i, +0.00002101-0.00001214i, -0.00009379+0.00006806i, -0.00001216-0.00006832i, -0.00002935-0.00002333i, +0.00000935-0.00005196i, -0.00002122+0.00004885i, -0.00002479-0.00003383i, +0.00010227+0.00002314i, -0.00004822-0.00007069i, +0.00008535-0.00006651i, -0.00005807+0.00012781i, -0.00007275+0.00003759i, +0.00002419-0.00000020i, +0.00005844+0.00005660i, +0.00001598-0.00001258i, -0.00003414-0.00010671i, +0.00004867+0.00005612i, -0.00003213-0.00004723i, +0.00004812-0.00006771i, -0.00008461+0.00009099i, -0.00003964-0.00000678i, +0.00013103-0.00009559i, +0.00000333+0.00001767i, +0.00000118+0.00005981i, +0.00001895+0.00002801i, +0.00007250+0.00000252i, -0.00002666-0.00002873i, +0.00008377-0.00006495i, +0.00004320-0.00000362i, -0.00009454-0.00017523i, -0.00000021-0.00001688i, -0.00000844+0.00000353i, -0.00000864+0.00004108i, -0.00002416+0.00002725i, -0.00002827-0.00000048i, +0.00001326-0.00007059i, -0.00002015-0.00001756i, +0.00010791+0.00015757i, -0.00002571+0.00001811i, +0.00001817+0.00001790i, +0.00001561-0.00001428i, -0.00004046+0.00008255i, +0.00000607+0.00002753i, +0.00002394+0.00003635i, -0.00005013+0.00008806i, +0.00005244-0.00004837i, -0.00007312+0.00001927i, -0.00005065-0.00003305i, +0.00002822-0.00004379i, -0.00000659+0.00004854i, +0.00003593+0.00003240i, -0.00002582-0.00000667i
+0.00009526-0.00000351i, -0.00003500-0.00001824i, -0.00011769-0.00008176i, -0.00006937-0.00003816i, -0.00000181-0.00000694i, +0.00008903+0.00009217i, +0.00003303-0.00003369i, -0.00012271-0.00005936i, +0.00003733+0.00007917i, +0.00022397+0.00007478i, +0.01526662+0.00000000i, +0.00001086+0.00001906i, +0.00001572-0.00004665i, -0.00005772-0.00003670i, +0.00002970+0.00009397i, -0.00007678-0.00002335i, +0.00006827+0.00002425i, -0.00002325-0.00000540i, -0.00001794+0.00002270i, -0.00002992+0.00000562i, +0.00000849-0.00001351i, +0.00008210-0.00007496i, -0.00015218+0.00012594i, -0.00000315-0.00001037i, -0.00002765-0.00003185i, +0.00002542+0.00003367i, +0.00000697+0.00004135i, -0.00004195-0.00003368i, -0.00004172-0.00005712i, +0.00007263+0.00000931i, +0.00001132-0.00005135i, -0.00001028+0.00002232i, +0.00003071-0.00001252i, -0.00001699+0.00000662i, +0.00001097-0.00001409i, -0.00008538-0.00002104i, +0.00000056+0.00005269i, +0.00003470+0.00001007i, -0.00010114+0.00001599i, +0.00002830+0.00005735i, +0.00002208+0.00002246i, +0.00001668-0.00001730i, -0.00004314-0.00021991i, +0.00000473-0.00005757i, +0.00006187-0.00003084i, +0.00000178+0.00001331i, -0.00002670+0.00002246i, -0.00001874-0.00005476i, +0.00000868-0.00004871i, -0.00004266-0.00006254i, +0.00010983+0.00021967i, +0.00000963+0.00000296i, -0.00003858-0.00000522i, -0.00005954-0.00002053i, -0.00003975-0.00004711i, -0.00004421-0.00000075i, +0.00004381+0.00004663i, -0.00000947+0.00000014i, -0.00002784-0.00001282i, -0.00001988-0.00000973i, +0.00005868+0.00000840i, +0.00002037+0.00004839i, -0.00005020+0.00000122i, -0.00002394+0.00002812i
-0.00016359-0.00000069i, -0.00022545+0.00011589i, -0.00002694+0.00010901i, -0.00002960-0.00015899i, +0.00009447+0.00011207i, +0.00002063-0.00022082i, +0.00003606+0.00002006i, +0.00005728+0.00019691i, +0.00009546-0.00003394i, +0.00002299+0.00000431i, +0.00001086-0.00001906i, +0.01548848-0.00000000i, +0.00007379+0.00014009i, +0.00020264+0.00000817i, -0.00016001-0.00010502i, -0.00013324+0.00013442i, -0.00004425+0.00003333i, -0.00003603-0.00011331i, -0.00011166+0.00003869i, -0.00001260+0.00002981i, -0.00008716+0.00016471i, -0.00007463-0.00011291i, +0.00023866-0.00007837i, -0.00001118-0.00003068i, -0.00023022+0.00013372i, -0.00005814-0.00008607i, +0.00014658+0.00009663i, -0.00015014+0.00028508i, -0.00004808+0.00006706i, -0.00014944+0.00008430i, -0.00002792-0.00002347i, +0.00013172-0.00006859i, +0.00019194+0.00006606i, -0.00013450-0.00000340i, +0.00001946+0.00006114i, +0.00026995-0.00004911i, -0.00015926-0.00008248i, -0.00025320-0.00001668i, +0.00011981+0.00000248i, -0.00015507-0.00018137i, -0.00009572+0.00003477i, -0.00007975-0.00013213i, -0.00010961-0.00003928i, -0.00011375-0.00019437i, -0.00012981+0.00003061i, -0.00002323-0.00003156i, +0.00003728-0.00008915i, +0.00005718+0.00002324i, +0.00002544+0.00009614i, +0.00006780+0.00002563i, -0.00001472-0.00004339i, +0.00010755+0.00019316i, -0.00010320-0.00010524i, -0.00006823-0.00013890i, +0.00006771+0.00015850i, -0.00000808+0.00004258i, -0.00001160-0.00008791i, -0.00005696-0.00002144i, +0.00009888-0.00012877i, -0.00007224+0.00000778i, -0.00010624+0.00006464i, -0.00002821-0.00012553i, +0.00003736+0.00018945i, +0.00000591-0.00004002i
-0.00008986+0.00014911i, -0.00001314+0.00006329i, +0.00003328+0.00002993i, -0.00002714-0.00009917i, +0.00017240-0.00006358i, -0.00004682-0.00022083i, +0.00016763+0.00014750i, +0.00017212+0.00004530i, -0.00011630+0.00003877i, +0.00002101+0.00001214i, +0.00001572+0.00004665i, +0.00007379-0.00014009i, +0.01557216-0.00000000i, +0.00017192-0.00021104i, -0.00007695-0.00007745i, -0.00013859+0.00010569i, -0.00007029+0.00013051i, -0.00009716-0.00007778i, +0.00002467+0.00010948i, -0.00003264+0.00002757i, -0.00000118+0.00021073i, -0.00022572-0.00000368i, +0.00015063-0.00004800i, +0.00013054-0.00014353i, -0.00009163+0.00015485i, +0.00001429+0.00002459i, +0.00024757-0.00008893i, +0.00008603+0.00028774i, +0.00007231+0.00013644i, -0.00005269+0.00000283i, +0.00002257+0.00018166i, -0.00000477-0.00010995i, +0.00011214+0.00003743i, -0.00011012+0.00012028i, +0.00002241-0.00004199i, +0.00012126-0.00017950i, -0.00016020+0.00006945i, -0.00014959+0.00016874i, +0.00004578+0.00001286i, -0.00024616-0.00007156i, -0.00004620+0.00008894i, -0.00019093-0.00006923i, +0.00011135+0.00000171i, +0.00005706-0.00000652i, -0.00002784-0.00005101i, -0.00001024-0.00007002i, +0.00004034-0.00008848i, +0.00009931+0.00005889i, +0.00004984+0.00005320i, +0.00002939+0.00005200i, -0.00011230-0.00003238i, +0.00000594+0.00002409i, -0.00027503-0.00012908i, -0.00014128-0.00005085i, +0.00015929-0.00001934i, +0.00004085+0.00006229i, +0.00000180-0.00011665i, -0.00007995-0.00002005i, +0.00002676-0.00011596i, +0.00003277+0.00007498i, -0.00003260+0.00015967i, -0.00009086-0.00005346i, +0.00023568+0.00006987i, +0.00007371-0.00000415i
-0.00044017+0.00006439i, -0.00040223-0.00002270i, -0.00005694+0.00019513i, -0.00010546-0.00018978i, +0.00016997+0.00026103i, +0.00024795-0.00013401i, -0.00013945+0.00019703i, +0.00005691+0.00023214i, -0.00005490-0.00019973i, -0.00009379-0.00006806i, -0.00005772+0.00003670i, +0.00020264-0.00000817i, +0.00017192+0.00021104i, +0.01598739-0.00000000i, -0.00039208-0.00006143i, -0.00013675+0.00021124i, -0.00012600-0.00005404i, +0.00009142-0.00024723i, -0.00010168+0.00005224i, -0.00019133-0.00005368i, -0.00025852+0.00017190i, -0.00015035-0.00025400i, +0.00025117+0.00007960i, +0.00027992-0.00015009i, -0.00029477-0.00001570i, -0.00008569+0.00009036i, +0.00015297+0.00012689i, -0.00026874+0.00031438i, -0.00018694+0.00010930i, -0.00008906+0.00008419i, +0.00000327-0.00008242i, +0.00012107-0.00016311i, +0.00009315+0.00022472i, -0.00021021-0.00000916i, +0.00002227+0.00005578i, +0.00035138+0.00012903i, -0.00011083-0.00018334i, -0.00039825+0.00000061i, +0.00011025+0.00007560i, -0.00003713-0.00033393i, -0.00015840-0.00006723i, -0.00013923-0.00023331i, -0.00001878+0.00007342i, +0.00005092-0.00004749i, -0.00015199+0.00008328i, -0.00006952-0.00024803i, +0.00008354-0.00000336i, +0.00005247-0.00002733i, -0.00007556+0.00020559i, +0.00012828+0.00001605i, -0.00008797-0.00010754i, -0.00002335-0.00007926i, -0.00008067-0.00022282i, -0.00013150-0.00043838i, +0.00007187+0.00013717i, -0.00013748+0.00006407i, +0.00007255-0.00013982i, -0.00010444-0.00006024i, +0.00021745-0.00012691i, -0.00024081+0.00003829i, -0.00020684+0.00004660i, +0.00003426-0.00024325i, +0.00011509+0.00035512i, +0.00002269+0.00006732i
+0.00011474-0.00014329i, -0.00008186-0.00014180i, +0.00002532-0.00011751i, -0.00003018+0.00013467i, -0.00019862-0.00001183i, -0.00001197+0.00016199i, -0.00001206-0.00004265i, -0.00007826-0.00012714i, +0.00003785-0.00009401i, -0.00001216+0.00006832i, +0.00002970-0.00009397i, -0.00016001+0.00010502i, -0.00007695+0.00007745i, -0.00039208+0.00006143i, +0.01544265+0.00000000i, +0.00008044-0.00007588i, -0.00000680-0.00001886i, +0.00009809+0.00008651i, +0.00008581-0.00009793i, -0.00000198+0.00004367i, -0.00002719-0.00016977i, +0.00003224+0.00002149i, -0.00016434+0.00008277i, -0.00009637+0.00009875i, +0.00007253-0.00019730i, +0.00003350+0.00007585i, +0.00000566-0.00006849i, +0.00002487-0.00021797i, +0.00003467-0.00008146i, +0.00007540+0.00000493i, +0.00002187+0.00003410i, -0.00004640+0.00013862i, -0.00017525-0.00004942i, +0.00002298-0.00005348i, +0.00000259+0.00002840i, -0.00015518+0.00010617i, +0.00005118-0.00008430i, +0.00009477-0.00004088i, -0.00010518+0.00008316i, +0.00017589-0.00001600i, +0.00002271+0.00002154i, +0.00015916+0.00003394i, +0.00008323-0.00004246i, +0.00002142+0.00006145i, +0.00008605-0.00015372i, +0.00003900+0.00008499i, -0.00006853-0.00010092i, +0.00001267+0.00001722i, -0.00002792-0.00010470i, -0.00002914+0.00006286i, +0.00002153+0.00007666i, +0.00003927-0.00003500i, +0.00008259-0.00005432i, +0.00005320+0.00006785i, -0.00014246-0.00022168i, +0.00001170-0.00004919i, +0.00010112+0.00004667i, +0.00000409-0.00002110i, -0.00013336+0.00005154i, +0.00003377-0.00005288i, +0.00000443-0.00004768i, +0.00012390+0.00003562i, -0.00013445-0.00012511i, -0.00003421+0.00000668i
+0.00010566+0.00009564i, +0.00007754+0.00019773i, +0.00015853+0.00000438i, +0.00002097+0.00007782i, +0.00004249-0.00004388i, -0.00001963-0.00006818i, -0.00000639+0.00000868i, +0.00016727-0.00007856i, -0.00015845+0.00003139i, -0.00002935+0.00002333i, -0.00007678+0.00002335i, -0.00013324-0.00013442i, -0.00013859-0.00010569i, -0.00013675-0.00021124i, +0.00008044+0.00007588i, +0.01542510-0.00000000i, +0.00006446+0.00001433i, -0.00003321-0.00002899i, +0.00009398+0.00011912i, +0.00005859-0.00001111i, +0.00003268-0.00000138i, -0.00003422+0.00005305i, -0.00014236-0.00013362i, +0.00000123-0.00003362i, +0.00009240+0.00005252i, -0.00010594+0.00001480i, +0.00008431-0.00004254i, +0.00013861-0.00004001i, +0.00006899+0.00000342i, +0.00004019+0.00008401i, -0.00002786+0.00007340i, +0.00000847+0.00016034i, -0.00004127-0.00006614i, +0.00008773+0.00004346i, -0.00004735+0.00000002i, -0.00000292-0.00016863i, +0.00002040+0.00011751i, +0.00009664+0.00009757i, +0.00000214+0.00000001i, -0.00017333+0.00015597i, +0.00003936+0.00004953i, -0.00006206+0.00009091i, +0.00007590+0.00005403i, -0.00000358-0.00004162i, +0.00005722+0.00012380i, -0.00009489+0.00010558i, -0.00004642-0.00002662i, -0.00010549-0.00015596i, +0.00004977-0.00008009i, -0.00000055-0.00003394i, -0.00002352+0.00001819i, +0.00000169+0.00006025i, -0.00009518+0.00008603i, -0.00005180+0.00001234i, -0.00003200-0.00012159i, -0.00004393-0.00014052i, -0.00002317+0.00007122i, -0.00002164+0.00008277i, -0.00013548+0.00008318i, +0.00006776+0.00002276i, +0.00006768+0.00005760i, -0.00000570+0.00003478i, +0.00010157-0.00009803i, +0.00001555-0.00010309i
+0.00016045+0.00016121i, +0.00014931-0.00000978i, +0.00006067-0.00004295i, -0.00004422+0.00005486i, +0.00009569-0.00008406i, +0.00001632+0.00002524i, +0.00003674-0.00009761i, -0.00014278-0.00013811i, +0.00012905+0.00012836i, +0.00000935+0.00005196i, +0.00006827-0.00002425i, -0.00004425-0.00003333i, -0.00007029-0.00013051i, -0.00012600+0.00005404i, -0.00000680+0.00001886i, +0.00006446-0.00001433i, +0.01558992+0.00000000i, -0.00002984+0.00001654i, +0.00009345+0.00013160i, +0.00028331+0.00002145i, +0.00006631-0.00001298i, +0.00006345+0.00006387i, -0.00012361-0.00012916i, -0.00015569-0.00006861i, +0.00016982+0.00000683i, -0.00014171+0.00008933i, -0.00006079+0.00000869i, +0.00017260-0.00005734i, +0.00004105+0.00001264i, +0.00008529+0.00001585i, +0.00006831-0.00002773i, -0.00006958+0.00002862i, -0.00001421-0.00007739i, +0.00007496-0.00004620i, -0.00005482-0.00009172i, -0.00017685-0.00004974i, +0.00001864+0.00010358i, +0.00007663+0.00000832i, -0.00004354+0.00005297i, +0.00006861+0.00010207i, +0.00012252+0.00014068i, +0.00002205+0.00011452i, -0.00002355-0.00000232i, +0.00009172-0.00001463i, +0.00002507+0.00000770i, +0.00001121+0.00007616i, -0.00000594-0.00002558i, +0.00002949-0.00001466i, +0.00006062+0.00009715i, -0.00000815-0.00008360i, -0.00000235+0.00002973i, +0.00002503-0.00000500i, +0.00006027+0.00010592i, +0.00005141+0.00008028i, +0.00000632+0.00001474i, +0.00002313-0.00006874i, -0.00012303+0.00005379i, -0.00001391+0.00008383i, -0.00011741+0.00004352i, +0.00005561-0.00006365i, +0.00013002+0.00004195i, -0.00000912+0.00009816i, -0.00005064-0.00007079i, -0.00000343-0.00002422i
-0.00000865-0.00021893i, +0.00001632-0.00015420i, -0.00003037-0.00004843i, +0.00011391-0.00001129i, -0.00011056+0.00005695i, +0.00006498+0.00013438i, -0.00013449-0.00007181i, -0.00005437+0.00016595i, +0.00007403-0.00019393i, -0.00002122-0.00004885i, -0.00002325+0.00000540i, -0.00003603+0.00011331i, -0.00009716+0.00007778i, +0.00009142+0.00024723i, +0.00009809-0.00008651i, -0.00003321+0.00002899i, -0.00002984-0.00001654i, +0.01558821-0.00000000i, +0.00015793-0.00010801i, +0.00007434-0.00018679i, -0.00014202-0.00016890i, +0.00013279-0.00015164i, +0.00013176+0.00023701i, +0.00003552+0.00008325i, +0.00003738-0.00010632i, -0.00000281-0.00003040i, -0.00011773+0.00013929i, -0.00015171-0.00006443i, -0.00009163-0.00002373i, +0.00002044-0.00002271i, +0.00010834-0.00001533i, +0.00006326+0.00006833i, -0.00004831+0.00010122i, -0.00004404-0.00015289i, -0.00006070+0.00005566i, +0.00002110+0.00013874i, +0.00001360-0.00013392i, -0.00011877-0.00019345i, -0.00001956+0.00005152i, +0.00016976-0.00013701i, -0.00010563-0.00004396i, +0.00008663+0.00003964i, -0.00006956-0.00003317i, +0.00003818+0.00000435i, -0.00000143-0.00008633i, +0.00011058-0.00003392i, +0.00004155+0.00001199i, -0.00001315-0.00002686i, -0.00008498+0.00002411i, +0.00007295+0.00016767i, +0.00006221-0.00007662i, -0.00004815-0.00010353i, +0.00011636-0.00009221i, +0.00012808-0.00013166i, -0.00006210+0.00003836i, -0.00005084-0.00002336i, +0.00013026-0.00002313i, -0.00008486-0.00000008i, +0.00015195+0.00006736i, -0.00004125-0.00014572i, -0.00011824-0.00015558i, +0.00007536+0.00000978i, -0.00014573+0.00006099i, -0.00003755+0.00006671i
+0.00010827+0.00013506i, +0.00012323+0.00001666i, +0.00005912-0.00004300i, +0.00001619-0.00002503i, +0.00001871-0.00026119i, -0.00014149+0.00003113i, +0.00000346-0.00009193i, -0.00002203-0.00008868i, +0.00007486+0.00012284i, -0.00002479+0.00003383i, -0.00001794-0.00002270i, -0.00011166-0.00003869i, +0.00002467-0.00010948i, -0.00010168-0.00005224i, +0.00008581+0.00009793i, +0.00009398-0.00011912i, +0.00009345-0.00013160i, +0.00015793+0.00010801i, +0.01545424+0.00000000i, +0.00009164+0.00010668i, +0.00009506-0.00003956i, -0.00002983+0.00021370i, -0.00020248-0.00009644i, +0.00005447-0.00014112i, +0.00004489+0.00004778i, +0.00001319+0.00006907i, +0.00009366-0.00008558i, +0.00017337+0.00011258i, +0.00000684-0.00001486i, +0.00007933+0.00014079i, +0.00001050-0.00006886i, -0.00015829-0.00005795i, +0.00004411-0.00016019i, +0.00004892+0.00004706i, +0.00004272-0.00010520i, -0.00006794-0.00016616i, +0.00005671+0.00015223i, +0.00007432+0.00004998i, +0.00004184+0.00004279i, -0.00002584+0.00016451i, +0.00003475-0.00004457i, -0.00006893+0.00010617i, +0.00004671+0.00008205i, -0.00001124-0.00004623i, +0.00009016+0.00003629i, -0.00006001+0.00004408i, -0.00004033+0.00003553i, +0.00000649-0.00002215i, +0.00005803-0.00003762i, +0.00001985+0.00001843i, +0.00001416+0.00020170i, -0.00002934-0.00002219i, -0.00004022+0.00012624i, -0.00004377+0.00007309i, +0.00005327-0.00009967i, +0.00006349+0.00001701i, +0.00003996+0.00006148i, -0.00004016+0.00009770i, -0.00018628+0.00005964i, +0.00005842-0.00001747i, +0.00010562+0.00006142i, -0.00004895+0.00003407i, +0.00010061-0.00021402i, +0.00004933-0.00001785i
+0.00014259+0.00001342i, +0.00005546-0.00010835i, +0.00003271-0.00006127i, +0.00013764+0.00023759i, -0.00004745-0.00003158i, -0.00002037+0.00017074i, +0.00003732-0.00005109i, -0.00011786-0.00003745i, +0.00014891+0.00005136i, +0.00010227-0.00002314i, -0.00002992-0.00000562i, -0.00001260-0.00002981i, -0.00003264-0.00002757i, -0.00019133+0.00005368i, -0.00000198-0.00004367i, +0.00005859+0.00001111i, +0.00028331-0.00002145i, +0.00007434+0.00018679i, +0.00009164-0.00010668i, +0.01541655-0.00000000i, +0.00007714-0.00011451i, +0.00015627+0.00017437i, -0.00007695+0.00000934i, -0.00003895+0.00008040i, +0.00005552+0.00003952i, +0.00003278+0.00004666i, -0.00010990-0.00004545i, +0.00003320-0.00011950i, +0.00000609-0.00004976i, +0.00005778-0.00002614i, +0.00010359-0.00003216i, -0.00004428+0.00016456i, -0.00006859-0.00006322i, +0.00000113-0.00002477i, -0.00003823-0.00003325i, -0.00007086-0.00006162i, +0.00006685+0.00002037i, +0.00006191-0.00002145i, -0.00004761-0.00000036i, +0.00003589+0.00013855i, +0.00004566-0.00003417i, +0.00002934+0.00003859i, -0.00000406+0.00002734i, +0.00000764+0.00007444i, +0.00005339-0.00006750i, -0.00003985+0.00004080i, +0.00002171-0.00000313i, +0.00001440-0.00014241i, +0.00001089-0.00007799i, -0.00002031-0.00002755i, -0.00002079+0.00006032i, +0.00016793+0.00013569i, +0.00005074+0.00007899i, +0.00007336+0.00010814i, -0.00006016-0.00004236i, +0.00001375+0.00002391i, -0.00000820+0.00002301i, +0.00003532+0.00002788i, -0.00003244+0.00010146i, +0.00003726-0.00000665i, +0.00012834-0.00006552i, -0.00001217+0.00007248i, -0.00001478-0.00010148i, -0.00011752-0.00003052i
+0.00012801+0.00021953i, +0.00018007+0.00014280i, +0.00004491-0.00010178i, -0.00013493+0.00015111i, +0.00006638-0.00016266i, -0.00016591+0.00004257i, +0.00021373-0.00007996i, +0.00002324-0.00020701i, +0.00005931+0.00017612i, -0.00004822+0.00007069i, +0.00000849+0.00001351i, -0.00008716-0.00016471i, -0.00000118-0.00021073i, -0.00025852-0.00017190i, -0.00002719+0.00016977i, +0.00003268+0.00000138i, +0.00006631+0.00001298i, -0.00014202+0.00016890i, +0.00009506+0.00003956i, +0.00007714+0.00011451i, +0.01571492+0.00000000i, +0.00006648+0.00023646i, -0.00029594-0.00025454i, -0.00047905-0.00002475i, +0.00018433+0.00008014i, +0.00009316-0.00002175i, -0.00011141-0.00010860i, +0.00040740-0.00005183i, +0.00021107+0.00000014i, +0.00008180+0.00014661i, +0.00001599-0.00007198i, -0.00032762-0.00000930i, -0.00008262-0.00020856i, +0.00011510+0.00007094i, -0.00000309-0.00006808i, -0.00019180-0.00024839i, +0.00007345+0.00015211i, +0.00019168+0.00014210i, +0.00003176+0.00009056i, -0.00012071+0.00038082i, +0.00019081+0.00009377i, -0.00000479+0.00026598i, +0.00003641+0.00002146i, -0.00006971+0.00007631i, +0.00010151-0.00007241i, -0.00015301+0.00000539i, -0.00002357+0.00001061i, +0.00001559-0.00007305i, +0.00007828-0.00006409i, -0.00003225-0.00003537i, -0.00001624+0.00011283i, +0.00004772+0.00006090i, -0.00005926+0.00031969i, -0.00001635+0.00018997i, +0.00012999-0.00019468i, +0.00011954+0.00000516i, -0.00006515-0.00001909i, -0.00003391+0.00011605i, -0.00025351-0.00002737i, +0.00018258+0.00003022i, +0.00031700+0.00015506i, -0.00008095+0.00013418i, +0.00016016-0.00031935i, -0.00000097-0.00006670i
+0.00010075-0.00019586i, +0.00009903-0.00023308i, -0.00002632-0.00005047i, +0.00021396+0.00015466i, -0.00009937+0.00001470i, +0.00006437+0.00022500i, -0.00000798-0.00026006i, -0.00015846+0.00004770i, +0.00011135+0.00012466i, +0.00008535+0.00006651i, +0.00008210+0.00007496i, -0.00007463+0.00011291i, -0.00022572+0.00000368i, -0.00015035+0.00025400i, +0.00003224-0.00002149i, -0.00003422-0.00005305i, +0.00006345-0.00006387i, +0.00013279+0.00015164i, -0.00002983-0.00021370i, +0.00015627-0.00017437i, +0.00006648-0.00023646i, +0.01584104-0.00000000i, -0.00036186+0.00017802i, -0.00014885+0.00014771i, +0.00004219-0.00021812i, +0.00009045-0.00006158i, -0.00022593+0.00013521i, -0.00015522-0.00036922i, -0.00007633-0.00020879i, -0.00001460-0.00013418i, -0.00006369-0.00001917i, -0.00003342+0.00005501i, -0.00019060-0.00002278i, -0.00001117-0.00015926i, -0.00002590+0.00001862i, -0.00029114+0.00005848i, +0.00019671-0.00009794i, +0.00015508-0.00022682i, -0.00009366-0.00007100i, +0.00023601+0.00007703i, +0.00006981-0.00013069i, +0.00019211+0.00010738i, +0.00007302-0.00004319i, -0.00000004+0.00003519i, +0.00000843-0.00016215i, +0.00004242-0.00002506i, +0.00003036-0.00001977i, -0.00008642+0.00001953i, -0.00007279-0.00014150i, -0.00004650+0.00007253i, +0.00007742+0.00006448i, +0.00005322-0.00002527i, +0.00025646-0.00006826i, +0.00018602+0.00022548i, -0.00020624+0.00000672i, -0.00003844-0.00008809i, +0.00000616+0.00006317i, +0.00008642+0.00005541i, -0.00001368+0.00021482i, +0.00007878-0.00018720i, +0.00006794-0.00011901i, +0.00017408+0.00025351i, -0.00018661-0.00017379i, -0.00009808+0.00009843i
-0.00030085-0.00005656i, -0.00015239+0.00008417i, -0.00005866+0.00000116i, -0.00000768-0.00014257i, +0.00010728+0.00023984i, +0.00014999-0.00006361i, +0.00006641+0.00021627i, +0.00013795+0.00026093i, -0.00003520-0.00007756i, -0.00005807-0.00012781i, -0.00015218-0.00012594i, +0.00023866+0.00007837i, +0.00015063+0.00004800i, +0.00025117-0.00007960i, -0.00016434-0.00008277i, -0.00014236+0.00013362i, -0.00012361+0.00012916i, +0.00013176-0.00023701i, -0.00020248+0.00009644i, -0.00007695-0.00000934i, -0.00029594+0.00025454i, -0.00036186-0.00017802i, +0.01569952+0.00000000i, +0.00023339-0.00014216i, -0.00018329-0.00009591i, +0.00003472-0.00013313i, +0.00007778+0.00010340i, -0.00031572+0.00034960i, +0.00003142+0.00013681i, -0.00013637+0.00006966i, +0.00005898+0.00002242i, +0.00001698-0.00012218i, +0.00020411+0.00015611i, -0.00021519+0.00000556i, +0.00010659+0.00002095i, +0.00029715+0.00005638i, -0.00016539-0.00012359i, -0.00025301+0.00001308i, +0.00001564-0.00000039i, -0.00014172-0.00019527i, -0.00014615+0.00004933i, -0.00010819-0.00012176i, -0.00009032-0.00002742i, -0.00005468-0.00006428i, -0.00008547+0.00003529i, +0.00001400-0.00013519i, +0.00007933-0.00013370i, +0.00002650+0.00004976i, -0.00002209+0.00016130i, +0.00003516+0.00004055i, -0.00001739-0.00010621i, +0.00000417+0.00000918i, -0.00016638-0.00010394i, -0.00004734-0.00020658i, +0.00008576+0.00023600i, -0.00004219+0.00011762i, +0.00002744-0.00006427i, -0.00008961-0.00006778i, +0.00023483-0.00011136i, -0.00013722+0.00002559i, -0.00014981+0.00002164i, -0.00000825-0.00013802i, +0.00025672+0.00037494i, +0.00005533+0.00007336i
-0.00018057-0.00009780i, -0.00023056+0.00004105i, -0.00003574+0.00008292i, +0.00004352-0.00018899i, +0.00008902+0.00015614i, +0.00008814-0.00008265i, -0.00007470+0.00008301i, +0.00008922+0.00016403i, -0.00011307-0.00017037i, -0.00007275-0.00003759i, -0.00000315+0.00001037i, -0.00001118+0.00003068i, +0.00013054+0.00014353i, +0.00027992+0.00015009i, -0.00009637-0.00009875i, +0.00000123+0.00003362i, -0.00015569+0.00006861i, +0.00003552-0.00008325i, +0.00005447+0.00014112i, -0.00003895-0.00008040i, -0.00047905+0.00002475i, -0.00014885-0.00014771i, +0.00023339+0.00014216i, +0.01561347-0.00000000i, -0.00008016-0.00008769i, -0.00007225+0.00011730i, +0.00016799+0.00017671i, -0.00024290+0.00020053i, -0.00026340+0.00003603i, -0.00014999-0.00000173i, +0.00008470-0.00005758i, +0.00012502-0.00015288i, +0.00002704+0.00017042i, -0.00008879-0.00004139i, -0.00000160+0.00004356i, +0.00023765+0.00007486i, -0.00006974-0.00005233i, -0.00019554-0.00000826i, +0.00002991+0.00002201i, -0.00002891-0.00033389i, -0.00009832-0.00006669i, -0.00002465-0.00022787i, -0.00004677+0.00000393i, +0.00004498+0.00000587i, -0.00012523-0.00002020i, +0.00005207-0.00005562i, +0.00002831+0.00005034i, -0.00007919-0.00007188i, -0.00011594+0.00006417i, +0.00007425+0.00006785i, -0.00003463-0.00004602i, +0.00001017-0.00008053i, -0.00013029-0.00017194i, +0.00004162-0.00023776i, +0.00001774+0.00012071i, -0.00007273+0.00017372i, +0.00003981-0.00009634i, -0.00007789-0.00006314i, +0.00014922-0.00003097i, -0.00018615+0.00007518i, -0.00015406-0.00003672i, +0.00007445-0.00014557i, -0.00005994+0.00023802i, +0.00013741+0.00004202i
+0.00031846-0.00004593i, +0.00015899-0.00002808i, +0.00005280-0.00001261i, -0.00004299+0.00009959i, -0.00004629-0.00020671i, -0.00013429+0.00010082i, +0.00005750-0.00021218i, -0.00011379-0.00011348i, +0.00001583+0.00008673i, +0.00002419+0.00000020i, -0.00002765+0.00003185i, -0.00023022-0.00013372i, -0.00009163-0.00015485i, -0.00029477+0.00001570i, +0.00007253+0.00019730i, +0.00009240-0.00005252i, +0.00016982-0.00000683i, +0.00003738+0.00010632i, +0.00004489-0.00004778i, +0.00005552-0.00003952i, +0.00018433-0.00008014i, +0.00004219+0.00021812i, -0.00018329+0.00009591i, -0.00008016+0.00008769i, +0.01567530-0.00000000i, -0.00001598-0.00001629i, -0.00004673-0.00003449i, +0.00038337-0.00029644i, +0.00009403-0.00001221i, +0.00013783-0.00006633i, -0.00002569-0.00001723i, -0.00006760+0.00010609i, -0.00028351-0.00013663i, +0.00006815-0.00008688i, -0.00004594-0.00008054i, -0.00027333-0.00004722i, +0.00015247+0.00010862i, +0.00022636+0.00010527i, -0.00005099-0.00012500i, +0.00009715+0.00022679i, +0.00015174-0.00002821i, +0.00002199+0.00020765i, +0.00004621+0.00004787i, +0.00002175+0.00010007i, +0.00011233+0.00001421i, +0.00003962+0.00015832i, -0.00002633-0.00002188i, -0.00001239-0.00009965i, -0.00012448-0.00011955i, -0.00006422+0.00000267i, +0.00005217+0.00005885i, +0.00001028+0.00004157i, +0.00015374+0.00018853i, +0.00014643+0.00017091i, -0.00006017-0.00013769i, +0.00007026-0.00007441i, -0.00007244+0.00025969i, +0.00007199+0.00011804i, -0.00014053+0.00010424i, +0.00009536-0.00002481i, +0.00019698+0.00001007i, -0.00003819+0.00010976i, -0.00005157-0.00022584i, -0.00002057-0.00005286i
