+0.01561883+0.00000000i, +0.00081022+0.00074192i, +0.00014662-0.00029841i, +0.00006850-0.00041491i, -0.00012862+0.00031737i, -0.00031965+0.00022888i, +0.00025594-0.00014580i, -0.00023562-0.00020018i, +0.00022317+0.00029070i, -0.00006251+0.00051346i, -0.00009160-0.00036360i, +0.00025126-0.00020084i, +0.00002492+0.00002352i, +0.00006329-0.00009785i, +0.00011611-0.00020478i, +0.00014168-0.00004058i, -0.00020052+0.00015618i, -0.00001263+0.00016774i, +0.00019790+0.00022058i, +0.00034652+0.00004308i, -0.00037979-0.00054290i, +0.00013193-0.00027084i, -0.00051631-0.00012674i, -0.00003317+0.00012756i, -0.00004463+0.00013118i, -0.00000606+0.00040734i, -0.00003881-0.00000135i, -0.00009853-0.00022219i, -0.00010701+0.00009850i, -0.00002553+0.00014689i, -0.00000735+0.00012185i, +0.00029328-0.00019243i, -0.00024815+0.00003855i, -0.00030675+0.00013291i, +0.00016418+0.00002252i, +0.00000009-0.00010201i, -0.00004929+0.00000028i, -0.00002609-0.00009436i, -0.00026765+0.00007689i, -0.00009690-0.00002686i, -0.00014670+0.00023587i, -0.00035460-0.00003605i, -0.00011152-0.00001919i, +0.00005880-0.00008162i, -0.00015855-0.00003428i, +0.00008305+0.00000950i, +0.00008504-0.00030346i, +0.00013062-0.00015459i, +0.00005793-0.00021847i, +0.00022384-0.00007979i, -0.00021455+0.00025559i, -0.00016094-0.00003311i, +0.00037719-0.00013886i, +0.00000668+0.00006098i, +0.00012155-0.00015404i, -0.00016764+0.00005006i, +0.00026913-0.00011164i, -0.00009393-0.00003281i, +0.00020508-0.00005894i, -0.00023228+0.00014950i, +0.00003734-0.00018582i, -0.00043139-0.00013045i, -0.00000365+0.00025139i, +0.00047301-0.00003221i
+0.00081022-0.00074192i, +0.01631037-0.00000000i, +0.00004848+0.00006922i, -0.00054770+0.00042404i, +0.00049791+0.00077829i, -0.00017512+0.00104264i, +0.00021819+0.00017003i, -0.00041740+0.00007598i, +0.00067495-0.00012938i, +0.00078759+0.00061938i, -0.00091990+0.00008916i, +0.00012970-0.00075032i, +0.00041245+0.00004001i, -0.00018045+0.00040889i, -0.00009319-0.00028843i, -0.00022729-0.00040265i, +0.00043294+0.00027528i, +0.00023195+0.00035689i, +0.00018934-0.00019451i, +0.00033166-0.00045639i, -0.00113016+0.00056944i, -0.00015178-0.00105501i, -0.00048394+0.00068426i, +0.00103331+0.00051761i, +0.00034021-0.00033904i, +0.00068981+0.00042122i, -0.00023312-0.00066864i, -0.00002992-0.00039781i, +0.00034420+0.00040387i, -0.00012528+0.00024654i, +0.00005532+0.00053891i, +0.00013396-0.00065297i, -0.00053674+0.00031008i, -0.00000044+0.00093032i, +0.00035068-0.00000302i, -0.00024001+0.00011793i, +0.00035552-0.00020542i, -0.00016730-0.00011912i, -0.00049774-0.00007074i, +0.00028718+0.00002011i, +0.00011658+0.00072641i, -0.00069523+0.00040058i, -0.00033559-0.00011131i, -0.00042655-0.00051202i, -0.00000346+0.00023934i, +0.00014578-0.00014262i, -0.00016905-0.00068858i, -0.00002372-0.00087103i, -0.00036968+0.00018927i, +0.00022639-0.00040920i, +0.00039536+0.00056930i, -0.00015482+0.00023823i, +0.00030378+0.00004578i, +0.00033328+0.00014868i, -0.00019183-0.00028456i, -0.00039338+0.00049754i, +0.00036999-0.00054008i, -0.00012144+0.00021281i, +0.00015848-0.00076178i, -0.00021406+0.00083018i, -0.00020577-0.00034046i, -0.00087240+0.00043519i, +0.00010862-0.00015617i, +0.00076961-0.00094505i
+0.00014662+0.00029841i, +0.00004848-0.00006922i, +0.01488171-0.00000000i, +0.00015178+0.00015269i, -0.00030475+0.00016639i, -0.00002275-0.00014773i, -0.00024293+0.00010150i, +0.00015670+0.00022908i, +0.00015015+0.00009216i, -0.00040637-0.00005781i, +0.00023909+0.00006046i, -0.00005450+0.00008618i, -0.00003876+0.00005415i, +0.00000276+0.00000463i, +0.00008889+0.00013190i, +0.00000026+0.00023693i, +0.00006181-0.00013462i, -0.00006878-0.00018400i, -0.00038181+0.00006371i, -0.00003884+0.00009758i, +0.00017968-0.00015565i, +0.00008928+0.00013540i, +0.00018083-0.00021065i, -0.00017339-0.00008323i, -0.00009842+0.00019396i, -0.00015958-0.00001483i, -0.00022541+0.00017442i, -0.00000925-0.00008842i, -0.00009288+0.00011115i, +0.00007868-0.00002145i, -0.00019008-0.00000590i, +0.00007098+0.00004003i, -0.00005831-0.00007421i, +0.00002925-0.00017063i, +0.00010272+0.00028192i, -0.00005983-0.00001563i, -0.00017537+0.00001496i, -0.00000101-0.00001858i, +0.00002628-0.00005838i, -0.00009048-0.00005677i, -0.00006315+0.00006032i, +0.00015623-0.00005742i, +0.00001167+0.00004972i, +0.00008801+0.00007490i, +0.00002758-0.00009111i, +0.00011299-0.00003467i, -0.00001095-0.00005360i, -0.00005980+0.00016526i, +0.00002741-0.00026958i, -0.00010079-0.00002783i, +0.00013675-0.00043183i, -0.00007234+0.00001857i, +0.00005531+0.00005039i, +0.00015023+0.00006967i, -0.00005605-0.00000865i, +0.00013929+0.00003529i, +0.00000952+0.00001735i, +0.00001782-0.00005623i, +0.00000556+0.00010614i, -0.00000181+0.00001929i, -0.00008622+0.00001111i, +0.00016508-0.00012456i, -0.00009575+0.00011735i, -0.00007301+0.00017130i
+0.00006850+0.00041491i, -0.00054770-0.00042404i, +0.00015178-0.00015269i, +0.01529477+0.00000000i, -0.00002087-0.00037383i, +0.00039416-0.00026590i, -0.00000405-0.00013440i, +0.00007149+0.00022839i, -0.00019432-0.00008101i, -0.00009953-0.00024206i, +0.00013487+0.00027615i, -0.00005093+0.00018035i, -0.00002680-0.00008649i, +0.00020221+0.00013439i, -0.00010913+0.00003829i, +0.00015254+0.00028823i, -0.00001561-0.00020112i, -0.00010269-0.00014617i, -0.00008486+0.00014446i, -0.00057251+0.00013036i, +0.00031593+0.00021880i, -0.00019741+0.00011885i, +0.00023694+0.00006412i, +0.00006787-0.00036389i, -0.00021861+0.00000968i, -0.00010807-0.00003386i, -0.00022417+0.00023100i, -0.00022147+0.00002719i, -0.00000451-0.00000699i, +0.00008494+0.00000797i, +0.00015049+0.00000158i, -0.00031766+0.00011367i, +0.00002697+0.00011897i, +0.00021447-0.00002373i, +0.00008847-0.00013865i, -0.00006105+0.00023363i, -0.00030150+0.00008844i, +0.00012414+0.00015125i, +0.00011522+0.00017508i, -0.00002261-0.00006782i, +0.00012971-0.00004545i, +0.00024818+0.00009729i, -0.00000355+0.00016024i, -0.00030547+0.00022016i, +0.00004311-0.00000795i, +0.00012018-0.00006443i, -0.00029003+0.00021864i, -0.00022148+0.00007492i, +0.00022030-0.00003836i, -0.00008499+0.00011400i, +0.00005675-0.00023946i, +0.00019885-0.00031723i, +0.00004289-0.00000695i, -0.00010946-0.00004348i, +0.00002285+0.00002638i, +0.00004375+0.00017932i, -0.00019806+0.00008750i, +0.00005351-0.00006459i, -0.00041149+0.00010785i, +0.00038116-0.00010640i, +0.00006168+0.00024593i, +0.00028462+0.00012070i, -0.00004055+0.00011010i, -0.00047530+0.00009333i
-0.00012862-0.00031737i, +0.00049791-0.00077829i, -0.00030475-0.00016639i, -0.00002087+0.00037383i, +0.01595766-0.00000000i, +0.00085122+0.00073535i, +0.00056154-0.00024762i, -0.00030159+0.00013394i, +0.00031702-0.00071957i, +0.00081405+0.00003619i, -0.00039231+0.00059425i, -0.00057837-0.00026451i, +0.00023375-0.00017400i, +0.00018275+0.00006857i, -0.00043081-0.00025949i, -0.00024625-0.00017293i, +0.00047633-0.00014216i, +0.00065631+0.00015617i, -0.00006913-0.00019239i, -0.00009757-0.00046219i, -0.00047231+0.00094600i, -0.00026181-0.00020771i, +0.00028761+0.00097785i, +0.00054311-0.00023464i, -0.00017189-0.00046275i, +0.00035403-0.00013801i, -0.00034399-0.00003273i, -0.00031381-0.00010381i, +0.00061195+0.00003935i, -0.00014261+0.00004393i, +0.00020694+0.00012210i, -0.00032332-0.00032588i, -0.00015853+0.00028635i, +0.00030271+0.00018225i, -0.00013407-0.00011346i, +0.00009077+0.00020499i, +0.00014116-0.00009611i, -0.00005131-0.00000872i, -0.00034532+0.00013107i, +0.00009018-0.00014492i, +0.00068813+0.00014332i, -0.00017714+0.00038392i, -0.00031572+0.00030557i, -0.00048067-0.00002326i, +0.00001378-0.00006214i, +0.00009620-0.00004547i, -0.00055409-0.00027935i, -0.00054597-0.00029237i, -0.00019084+0.00058838i, -0.00004714+0.00003334i, +0.00038197+0.00016650i, -0.00005228+0.00028653i, +0.00062393-0.00011984i, +0.00026113+0.00007193i, -0.00034508-0.00000136i, -0.00002856+0.00038455i, -0.00021483-0.00051007i, -0.00011337+0.00016886i, -0.00029773-0.00044606i, +0.00039078+0.00042818i, -0.00032981+0.00012766i, -0.00012548+0.00078089i, +0.00007277-0.00018674i, +0.00009104-0.00084630i
-0.00031965-0.00022888i, -0.00017512-0.00104264i, -0.00002275+0.00014773i, +0.00039416+0.00026590i, +0.00085122-0.00073535i, +0.01553237+0.00000000i, -0.00046284-0.00035196i, -0.00011672+0.00052319i, -0.00009222-0.00056178i, +0.00044828-0.00059667i, +0.00030838+0.00071316i, -0.00080798+0.00001569i, +0.00002317-0.00020003i, +0.00023606+0.00003109i, -0.00036616-0.00001217i, -0.00008766-0.00000621i, +0.00019925-0.00016624i, +0.00054011-0.00039432i, -0.00012742-0.00015498i, -0.00018896-0.00048344i, +0.00049142+0.00078206i, -0.00054751-0.00007749i, +0.00051189+0.00028529i, +0.00025949-0.00073785i, -0.00028533-0.00008402i, +0.00017522-0.00060204i, -0.00044462+0.00043481i, -0.00024718+0.00004083i, +0.00028600-0.00014881i, +0.00012969+0.00009018i, +0.00012636+0.00005543i, -0.00060828-0.00023680i, +0.00031760+0.00024494i, +0.00052454-0.00011175i, -0.00012817-0.00006391i, +0.00030117+0.00023357i, -0.00000808-0.00009579i, +0.00014178+0.00032584i, +0.00003248+0.00051338i, +0.00014755-0.00018230i, +0.00045289-0.00022136i, +0.00043351+0.00051838i, +0.00002829+0.00036983i, -0.00025213+0.00006098i, -0.00003207+0.00016922i, +0.00008291+0.00001253i, -0.00056489+0.00003773i, -0.00040862+0.00011152i, +0.00027161+0.00031008i, -0.00009334+0.00012015i, +0.00045813-0.00039687i, +0.00038016+0.00015145i, +0.00012930-0.00017151i, +0.00046084-0.00020067i, -0.00028241-0.00004471i, +0.00042129+0.00044813i, -0.00028166-0.00019992i, +0.00008638+0.00009504i, -0.00057727+0.00001241i, +0.00044461-0.00001491i, -0.00020524+0.00020951i, +0.00040163+0.00067560i, -0.00012515+0.00002783i, -0.00061226-0.00052324i
+0.00025594+0.00014580i, +0.00021819-0.00017003i, -0.00024293-0.00010150i, -0.00000405+0.00013440i, +0.00056154+0.00024762i, -0.00046284+0.00035196i, +0.01543345-0.00000000i, -0.00010403-0.00008011i, -0.00000546-0.00039452i, +0.00017910+0.00011492i, -0.00028739-0.00010484i, -0.00011807-0.00025555i, +0.00022436-0.00007018i, +0.00003390+0.00004753i, -0.00001319+0.00008572i, -0.00009124+0.00006270i, +0.00004884-0.00001359i, +0.00023094+0.00011158i, +0.00012204-0.00009785i, -0.00008390-0.00009075i, -0.00028632+0.00019708i, -0.00012261-0.00028448i, -0.00011403+0.00017579i, +0.00009902+0.00006901i, -0.00006887-0.00018957i, +0.00007125-0.00000020i, -0.00000739-0.00010213i, -0.00011858-0.00024276i, -0.00004145-0.00021977i, +0.00004071+0.00010577i, +0.00034549+0.00007394i, -0.00002410+0.00018030i, -0.00002022-0.00001159i, -0.00000857+0.00025733i, +0.00003276+0.00014799i, +0.00000759-0.00028419i, +0.00010212-0.00009243i, -0.00008807+0.00001731i, -0.00002041+0.00016011i, +0.00017310-0.00009690i, -0.00002208+0.00001462i, -0.00007070+0.00014457i, -0.00008253-0.00015367i, -0.00003760-0.00008990i, +0.00005835+0.00002245i, +0.00009196+0.00000760i, -0.00011454-0.00021871i, -0.00008638-0.00019299i, -0.00006711+0.00009581i, -0.00005146+0.00001045i, +0.00004010+0.00015821i, +0.00003268-0.00000994i, +0.00020728-0.00024997i, +0.00000317+0.00009248i, +0.00034726-0.00003633i, -0.00019625+0.00004374i, +0.00019511-0.00016306i, -0.00012456+0.00013281i, +0.00001840-0.00019028i, +0.00004982+0.00024692i, +0.00009824-0.00007668i, -0.00027781+0.00016617i, -0.00011660+0.00018515i, +0.00003826-0.00012661i
-0.00023562+0.00020018i, -0.00041740-0.00007598i, +0.00015670-0.00022908i, +0.00007149-0.00022839i, -0.00030159-0.00013394i, -0.00011672-0.00052319i, -0.00010403+0.00008011i, +0.01535385-0.00000000i, -0.00024870+0.00004358i, -0.00042391-0.00033785i, +0.00059126+0.00004153i, -0.00007628+0.00041033i, -0.00015629+0.00016147i, +0.00014364-0.00010045i, +0.00015090+0.00008262i, +0.00011537+0.00025357i, -0.00020610-0.00000597i, -0.00028342-0.00023537i, +0.00006884+0.00020151i, -0.00021565-0.00005139i, +0.00047139+0.00009406i, +0.00011965+0.00036064i, +0.00032125-0.00013382i, -0.00029086-0.00040624i, -0.00004353-0.00012069i, -0.00008961-0.00012289i, +0.00004317+0.00038762i, -0.00015864-0.00004023i, -0.00003374-0.00016198i, +0.00014084-0.00005357i, +0.00014425-0.00023820i, +0.00007037+0.00035997i, +0.00007448-0.00020088i, -0.00010121-0.00011184i, -0.00009530-0.00003279i, +0.00005834+0.00000371i, -0.00009662-0.00004420i, +0.00010115-0.00004853i, +0.00027764+0.00004605i, +0.00004304-0.00005399i, +0.00009056-0.00027061i, +0.00021262-0.00028274i, +0.00012671+0.00001388i, -0.00005077+0.00012805i, -0.00000104+0.00004342i, -0.00008600+0.00005747i, -0.00006496+0.00027633i, +0.00008541+0.00037823i, +0.00009472-0.00006056i, -0.00000045-0.00001319i, -0.00004892-0.00017387i, +0.00011049-0.00001231i, -0.00019842-0.00010690i, -0.00009649-0.00016606i, -0.00000992-0.00003750i, +0.00069723-0.00011596i, -0.00016962+0.00022884i, -0.00004620-0.00004415i, -0.00012873+0.00024474i, +0.00015372-0.00039103i, -0.00007897+0.00012745i, +0.00030215-0.00005078i, +0.00004227+0.00007260i, -0.00022568+0.00036611i
+0.00022317-0.00029070i, +0.00067495+0.00012938i, +0.00015015-0.00009216i, -0.00019432+0.00008101i, +0.00031702+0.00071957i, -0.00009222+0.00056178i, -0.00000546+0.00039452i, -0.00024870-0.00004358i, +0.01568360-0.00000000i, +0.00093247+0.00071708i, -0.00031122-0.00019095i, +0.00002711-0.00060818i, +0.00022325+0.00000464i, +0.00000114+0.00007471i, -0.00007544-0.00040442i, -0.00015295-0.00027630i, +0.00042062+0.00033872i, +0.00034324+0.00036314i, +0.00021320+0.00001545i, +0.00048874-0.00013841i, -0.00084125+0.00003818i, +0.00003902-0.00029561i, -0.00031410+0.00023517i, +0.00042741+0.00026902i, +0.00025653-0.00009284i, +0.00023535+0.00009919i, -0.00010818-0.00029136i, +0.00017012-0.00012314i, +0.00016995+0.00058382i, +0.00004057+0.00011491i, +0.00008543+0.00047670i, +0.00002636-0.00022856i, -0.00021173+0.00025032i, -0.00004232+0.00031206i, +0.00010921-0.00009540i, +0.00016321+0.00000487i, +0.00023129+0.00021920i, -0.00013123+0.00004968i, -0.00015132+0.00005759i, +0.00018769+0.00021648i, -0.00006766+0.00071090i, -0.00067798+0.00006127i, -0.00010895-0.00003394i, -0.00003283-0.00017730i, -0.00004335-0.00001759i, -0.00003883+0.00000398i, +0.00006837-0.00045286i, -0.00004665-0.00040604i, -0.00033486+0.00019402i, -0.00000522-0.00012894i, +0.00004239+0.00048417i, -0.00016991+0.00017436i, +0.00026390+0.00009430i, -0.00001533+0.00009383i, +0.00004880-0.00011962i, -0.00017204+0.00012861i, -0.00010874-0.00014180i, -0.00020024+0.00003121i, +0.00007708-0.00043215i, -0.00016239+0.00023926i, -0.00027803-0.00039558i, -0.00056284+0.00013995i, +0.00000056+0.00010788i, +0.00048421-0.00033186i
-0.00006251-0.00051346i, +0.00078759-0.00061938i, -0.00040637+0.00005781i, -0.00009953+0.00024206i, +0.00081405-0.00003619i, +0.00044828+0.00059667i, +0.00017910-0.00011492i, -0.00042391+0.00033785i, +0.00093247-0.00071708i, +0.01600595-0.00000000i, -0.00033380+0.00064757i, -0.00063659-0.00040957i, +0.00050746-0.00024115i, +0.00013116+0.00022873i, -0.00017423-0.00032029i, -0.00022531-0.00041881i, +0.00045584-0.00015644i, +0.00093101+0.00004863i, +0.00012315-0.00035060i, +0.00000729-0.00050589i, -0.00061858+0.00088564i, -0.00042173-0.00057982i, -0.00011395+0.00074337i, +0.00075267-0.00003819i, -0.00007305-0.00037514i, +0.00044504+0.00014553i, -0.00042820-0.00031175i, -0.00015119-0.00035036i, +0.00049239+0.00007239i, -0.00019106+0.00027117i, +0.00021041+0.00017791i, -0.00027379-0.00071503i, -0.00007587+0.00028914i, +0.00034099+0.00034209i, +0.00012194-0.00027817i, +0.00015314-0.00004882i, +0.00023838-0.00005432i, -0.00005591+0.00007852i, -0.00027961+0.00017381i, +0.00017738+0.00007322i, +0.00030131+0.00039507i, -0.00032573+0.00069337i, -0.00018807+0.00018088i, -0.00029588-0.00018290i, +0.00004599+0.00006104i, +0.00001148-0.00011432i, -0.00067127-0.00028969i, -0.00052568-0.00042971i, -0.00029189+0.00045721i, -0.00002885-0.00007810i, +0.00045234+0.00035473i, -0.00011477+0.00033715i, +0.00017853-0.00012986i, +0.00016460+0.00015278i, -0.00017576-0.00025216i, -0.00006558+0.00035168i, -0.00008891-0.00045441i, -0.00053965+0.00035564i, -0.00031227-0.00062810i, +0.00035989+0.00061246i, -0.00044972-0.00014924i, -0.00067703+0.00066498i, -0.00023926-0.00015197i, +0.00024507-0.00103965i
-0.00009160+0.00036360i, -0.00091990-0.00008916i, +0.00023909-0.00006046i, +0.00013487-0.00027615i, -0.00039231-0.00059425i, +0.00030838-0.00071316i, -0.00028739+0.00010484i, +0.00059126-0.00004153i, -0.00031122+0.00019095i, -0.00033380-0.00064757i, +0.01591093-0.00000000i, +0.00009717+0.00073894i, -0.00007570-0.00018496i, +0.00017775-0.00033777i, +0.00003797+0.00033487i, +0.00017776+0.00056673i, -0.00025738-0.00018779i, -0.00031211-0.00037333i, -0.00016328+0.00017193i, -0.00039123+0.00024233i, +0.00099837-0.00029782i, -0.00022321+0.00051529i, +0.00062518-0.00038321i, -0.00063509-0.00048671i, -0.00015642+0.00019988i, -0.00039269-0.00035995i, +0.00012344+0.00083395i, -0.00000046+0.00037285i, -0.00045222-0.00038818i, +0.00016014-0.00018792i, -0.00005448-0.00018912i, -0.00021456+0.00049120i, +0.00023319-0.00009292i, +0.00000506-0.00051083i, -0.00017194+0.00012314i, +0.00025264+0.00005722i, -0.00027429+0.00006954i, +0.00003352-0.00010879i, +0.00043999+0.00027519i, -0.00015000-0.00014198i, +0.00000153-0.00053719i, +0.00077146-0.00017692i, +0.00055563+0.00050248i, +0.00037911+0.00050657i, +0.00016330-0.00002577i, -0.00010908+0.00006064i, +0.00000594+0.00058477i, +0.00002176+0.00075762i, +0.00031214-0.00008882i, -0.00001296+0.00019871i, -0.00030295-0.00044505i, +0.00040508-0.00007405i, -0.00020796-0.00010603i, +0.00006057-0.00020412i, +0.00009740+0.00026033i, +0.00047139-0.00022785i, -0.00005967+0.00039421i, +0.00020717-0.00006580i, -0.00067360+0.00041908i, +0.00041654-0.00072774i, +0.00013020+0.00027818i, +0.00058894-0.00040408i, +0.00010184+0.00001721i, -0.00069783+0.00044195i
+0.00025126+0.00020084i, +0.00012970+0.00075032i, -0.00005450-0.00008618i, -0.00005093-0.00018035i, -0.00057837+0.00026451i, -0.00080798-0.00001569i, -0.00011807+0.00025555i, -0.00007628-0.00041033i, +0.00002711+0.00060818i, -0.00063659+0.00040957i, +0.00009717-0.00073894i, +0.01519717-0.00000000i, -0.00008608+0.00036620i, -0.00051447+0.00013288i, +0.00046431-0.00018487i, +0.00041215-0.00033694i, -0.00024377+0.00021937i, -0.00032291+0.00044628i, +0.00019723+0.00023128i, +0.00038142+0.00045954i, -0.00025391-0.00068114i, +0.00055213+0.00012405i, -0.00052765-0.00036219i, -0.00016955+0.00063565i, +0.00034178+0.00020992i, -0.00010156+0.00047312i, +0.00023786-0.00034267i, +0.00035649+0.00009860i, -0.00021957+0.00024667i, -0.00007508-0.00004763i, -0.00020250+0.00010532i, +0.00061029+0.00004231i, -0.00023431-0.00008017i, -0.00038941+0.00015992i, +0.00002013+0.00018679i, -0.00011795-0.00000665i, +0.00003820+0.00018068i, -0.00024105-0.00017593i, -0.00002956-0.00033956i, -0.00000677+0.00021137i, -0.00040778+0.00026699i, -0.00034693-0.00042637i, +0.00009242-0.00026596i, +0.00044291-0.00019216i, +0.00001082+0.00005534i, +0.00000734-0.00001009i, +0.00066572-0.00023259i, +0.00067933-0.00014474i, -0.00015774-0.00028707i, -0.00000010-0.00003691i, -0.00039710+0.00024695i, -0.00027728-0.00023482i, +0.00003540+0.00027460i, -0.00018991-0.00007683i, +0.00012620-0.00011771i, -0.00039089-0.00029329i, +0.00039524+0.00017070i, -0.00034753-0.00015696i, +0.00056579-0.00006344i, -0.00102303-0.00011342i, +0.00023177-0.00005456i, -0.00042129-0.00052399i, +0.00021255-0.00001812i, +0.00049400+0.00038277i
+0.00002492-0.00002352i, +0.00041245-0.00004001i, -0.00003876-0.00005415i, -0.00002680+0.00008649i, +0.00023375+0.00017400i, +0.00002317+0.00020003i, +0.00022436+0.00007018i, -0.00015629-0.00016147i, +0.00022325-0.00000464i, +0.00050746+0.00024115i, -0.00007570+0.00018496i, -0.00008608-0.00036620i, +0.01556366+0.00000000i, +0.00007405+0.00037316i, +0.00022879-0.00028232i, -0.00019877+0.00008844i, +0.00010054+0.00000623i, +0.00016601+0.00033408i, +0.00023579-0.00019596i, +0.00021339-0.00013876i, -0.00092143+0.00007954i, +0.00010079-0.00042319i, -0.00028421+0.00013239i, +0.00039402+0.00036579i, -0.00023147-0.00026871i, +0.00000075-0.00016267i, +0.00012272-0.00050670i, -0.00006899-0.00014673i, +0.00052004+0.00021511i, -0.00015835+0.00009630i, +0.00010698+0.00043101i, +0.00027072-0.00020001i, -0.00019140+0.00001966i, +0.00010516+0.00021327i, +0.00035860-0.00010299i, -0.00002744-0.00005048i, +0.00009366+0.00001446i, -0.00003409-0.00015497i, -0.00026384+0.00000440i, +0.00001237-0.00003127i, +0.00002838+0.00027530i, -0.00020132-0.00003872i, -0.00005253-0.00018968i, -0.00005615-0.00026066i, +0.00003753+0.00028888i, +0.00004571+0.00013337i, -0.00000116-0.00030073i, -0.00001984-0.00042700i, -0.00020796+0.00001017i, +0.00000320-0.00007831i, +0.00016401+0.00050145i, -0.00016972+0.00004101i, +0.00029028-0.00014867i, +0.00003305+0.00001767i, -0.00002725-0.00017011i, -0.00015209+0.00008085i, +0.00028932-0.00026667i, -0.00025261+0.00016679i, +0.00014356-0.00023848i, -0.00007538+0.00029006i, -0.00018205+0.00002486i, -0.00059133+0.00018379i, -0.00013942-0.00001224i, +0.00056401-0.00028704i
+0.00006329+0.00009785i, -0.00018045-0.00040889i, +0.00000276-0.00000463i, +0.00020221-0.00013439i, +0.00018275-0.00006857i, +0.00023606-0.00003109i, +0.00003390-0.00004753i, +0.00014364+0.00010045i, +0.00000114-0.00007471i, +0.00013116-0.00022873i, +0.00017775+0.00033777i, -0.00051447-0.00013288i, +0.00007405-0.00037316i, +0.01520757-0.00000000i, -0.00009945-0.00011575i, -0.00054108+0.00039640i, +0.00009578-0.00014016i, -0.00004071-0.00035050i, -0.00004120+0.00000656i, -0.00023246+0.00007988i, +0.00032927+0.00024516i, -0.00064787+0.00010950i, +0.00006072+0.00013941i, -0.00010757-0.00029610i, -0.00029779+0.00007708i, -0.00005017-0.00017997i, -0.00030037+0.00014665i, -0.00037938+0.00010695i, +0.00008662-0.00030303i, +0.00026305+0.00013964i, +0.00006218-0.00018468i, -0.00058092-0.00011769i, +0.00018432+0.00018150i, +0.00025543-0.00025535i, -0.00008075-0.00008178i, +0.00008531+0.00001993i, -0.00012936+0.00002655i, +0.00002203+0.00000772i, -0.00004709+0.00025814i, -0.00004840-0.00022411i, +0.00030384-0.00015495i, +0.00011398+0.00004689i, -0.00014337+0.00021901i, -0.00017900+0.00014509i, -0.00002106+0.00007336i, +0.00003221+0.00015636i, -0.00028922+0.00010727i, -0.00033513+0.00028823i, +0.00016637+0.00010544i, +0.00002626-0.00016705i, +0.00008576-0.00034170i, +0.00003400-0.00004025i, +0.00001794-0.00005586i, +0.00006291-0.00012055i, -0.00008194+0.00010503i, +0.00011889+0.00014851i, -0.00021628-0.00003171i, +0.00027769-0.00007244i, -0.00044906+0.00012599i, +0.00019294-0.00007695i, -0.00010903+0.00006460i, +0.00020162+0.00046185i, -0.00013506+0.00008593i, -0.00034472-0.00013137i
+0.00011611+0.00020478i, -0.00009319+0.00028843i, +0.00008889-0.00013190i, -0.00010913-0.00003829i, -0.00043081+0.00025949i, -0.00036616+0.00001217i, -0.00001319-0.00008572i, +0.00015090-0.00008262i, -0.00007544+0.00040442i, -0.00017423+0.00032029i, +0.00003797-0.00033487i, +0.00046431+0.00018487i, +0.00022879+0.00028232i, -0.00009945+0.00011575i, +0.01589929+0.00000000i, +0.00019029+0.00011128i, -0.00000534+0.00012901i, -0.00022214+0.00018757i, +0.00009488+0.00010654i, +0.00031214+0.00015800i, -0.00003453-0.00053017i, +0.00030684+0.00011012i, -0.00043447-0.00018691i, -0.00022143+0.00053685i, +0.00038337+0.00006297i, -0.00011340+0.00024118i, +0.00025142-0.00026711i, +0.00016949-0.00010239i, -0.00022603+0.00009186i, +0.00002692-0.00009663i, +0.00030487-0.00005885i, +0.00032803-0.00007625i, -0.00017305-0.00022542i, -0.00013482+0.00002172i, +0.00005206-0.00005410i, -0.00011801+0.00006012i, +0.00011039+0.00017805i, -0.00003268-0.00012999i, +0.00001042-0.00033351i, -0.00005043+0.00005634i, -0.00026165+0.00013802i, -0.00021264-0.00055264i, +0.00016571-0.00037585i, +0.00033797-0.00028795i, -0.00001428+0.00001242i, +0.00005733+0.00015644i, +0.00040481+0.00009169i, +0.00050411-0.00010546i, -0.00007536-0.00009316i, +0.00017505+0.00001337i, -0.00030221+0.00013174i, -0.00016756-0.00012142i, -0.00005583+0.00004259i, +0.00000815-0.00016521i, -0.00000961-0.00019349i, -0.00008260-0.00018411i, +0.00013954+0.00018120i, -0.00016554-0.00004526i, +0.00034565+0.00014535i, -0.00037075-0.00013439i, +0.00007274-0.00004790i, -0.00007414-0.00033675i, -0.00001530+0.00047557i, +0.00036719+0.00037268i
+0.00014168+0.00004058i, -0.00022729+0.00040265i, +0.00000026-0.00023693i, +0.00015254-0.00028823i, -0.00024625+0.00017293i, -0.00008766+0.00000621i, -0.00009124-0.00006270i, +0.00011537-0.00025357i, -0.00015295+0.00027630i, -0.00022531+0.00041881i, +0.00017776-0.00056673i, +0.00041215+0.00033694i, -0.00019877-0.00008844i, -0.00054108-0.00039640i, +0.00019029-0.00011128i, +0.01568701+0.00000000i, -0.00018555+0.00004125i, -0.00019344+0.00013198i, -0.00004336+0.00007108i, +0.00006187+0.00017701i, +0.00005579-0.00035041i, +0.00011044+0.00002085i, -0.00009307-0.00032414i, -0.00061039+0.00030571i, -0.00005723+0.00020793i, -0.00032977+0.00015946i, +0.00013049-0.00007861i, +0.00000356+0.00003377i, -0.00021809-0.00001032i, -0.00012543-0.00005312i, -0.00035677-0.00018280i, +0.00055710+0.00001993i, -0.00013295-0.00006250i, -0.00018214-0.00002320i, -0.00004369+0.00020840i, +0.00017129-0.00017289i, -0.00002844+0.00021496i, +0.00007533-0.00003724i, +0.00018290-0.00004704i, +0.00000414-0.00003502i, -0.00017168-0.00005296i, -0.00004744-0.00035542i, +0.00013331-0.00008182i, +0.00011044-0.00022298i, -0.00000553-0.00009790i, +0.00021019+0.00006885i, +0.00032790+0.00001215i, +0.00022651+0.00029188i, -0.00004594-0.00017260i, +0.00015551-0.00005157i, -0.00015993-0.00008239i, +0.00004134-0.00022911i, -0.00009202+0.00003416i, +0.00014721+0.00012332i, +0.00000159-0.00005583i, -0.00008812-0.00024211i, +0.00011038+0.00017374i, -0.00010567-0.00008044i, +0.00013355+0.00014204i, -0.00014368-0.00012035i, +0.00024405-0.00003373i, -0.00015028-0.00034434i, +0.00005366+0.00001870i, +0.00002752+0.00064401i
-0.00020052-0.00015618i, +0.00043294-0.00027528i, +0.00006181+0.00013462i, -0.00001561+0.00020112i, +0.00047633+0.00014216i, +0.00019925+0.00016624i, +0.00004884+0.00001359i, -0.00020610+0.00000597i, +0.00042062-0.00033872i, +0.00045584+0.00015644i, -0.00025738+0.00018779i, -0.00024377-0.00021937i, +0.00010054-0.00000623i, +0.00009578+0.00014016i, -0.00000534-0.00012901i, -0.00018555-0.00004125i, +0.01593361-0.00000000i, +0.00090181+0.00049806i, +0.00018568-0.00030668i, +0.00001146-0.00057236i, -0.00045724+0.00018610i, -0.00024406-0.00027889i, -0.00019159+0.00016136i, +0.00021964-0.00018543i, -0.00001449-0.00004579i, +0.00007044+0.00001423i, -0.00047777-0.00004914i, -0.00001425-0.00026279i, +0.00025361+0.00022932i, -0.00004693+0.00019638i, +0.00020779+0.00026401i, -0.00022066-0.00031293i, +0.00015703+0.00032158i, +0.00016679+0.00034461i, +0.00004430-0.00014814i, +0.00004126-0.00014082i, -0.00009708-0.00008156i, -0.00019136-0.00004764i, -0.00025222+0.00025368i, +0.00000320-0.00005519i, +0.00027958+0.00030266i, -0.00010895+0.00036398i, -0.00004044-0.00000866i, -0.00024510-0.00023816i, +0.00014284+0.00009337i, +0.00005249+0.00016105i, -0.00016658-0.00032300i, -0.00005204-0.00009728i, -0.00008355+0.00044381i, -0.00016211-0.00014508i, +0.00022306+0.00011722i, -0.00004791+0.00027810i, +0.00009046-0.00016909i, +0.00009618+0.00018349i, -0.00026163-0.00018866i, -0.00005708+0.00006920i, -0.00009000-0.00033064i, -0.00017345+0.00020220i, -0.00011402-0.00027073i, +0.00006900+0.00030126i, -0.00018673-0.00013019i, -0.00010094+0.00036783i, +0.00004123-0.00024554i, +0.00004961-0.00035665i
-0.00001263-0.00016774i, +0.00023195-0.00035689i, -0.00006878+0.00018400i, -0.00010269+0.00014617i, +0.00065631-0.00015617i, +0.00054011+0.00039432i, +0.00023094-0.00011158i, -0.00028342+0.00023537i, +0.00034324-0.00036314i, +0.00093101-0.00004863i, -0.00031211+0.00037333i, -0.00032291-0.00044628i, +0.00016601-0.00033408i, -0.00004071+0.00035050i, -0.00022214-0.00018757i, -0.00019344-0.00013198i, +0.00090181-0.00049806i, +0.01604922-0.00000000i, +0.00003420-0.00008310i, -0.00024789-0.00034941i, -0.00065290+0.00080368i, -0.00030050-0.00026676i, -0.00004023+0.00074147i, +0.00051664+0.00008397i, +0.00000769-0.00007652i, +0.00047636-0.00012415i, -0.00038537-0.00010579i, -0.00026935-0.00007255i, +0.00040309+0.00006704i, -0.00005392+0.00009803i, +0.00019210+0.00001144i, -0.00025778-0.00022767i, +0.00002516+0.00024425i, +0.00059030+0.00037727i, +0.00004915-0.00022439i, +0.00010158-0.00000602i, +0.00000635-0.00002220i, -0.00018149-0.00003693i, -0.00026539+0.00023980i, +0.00018283-0.00016237i, +0.00030734+0.00011905i, -0.00001252+0.00047459i, -0.00030558+0.00018110i, -0.00039160-0.00015513i, -0.00013070+0.00012097i, +0.00010823-0.00009549i, -0.00034560-0.00024881i, -0.00046316-0.00024719i, +0.00004003+0.00020593i, -0.00000881+0.00038884i, +0.00039881+0.00020444i, -0.00006265+0.00025310i, +0.00016935-0.00004413i, +0.00012910+0.00013704i, -0.00032897-0.00024753i, -0.00005251+0.00032477i, -0.00005204-0.00039930i, -0.00020560+0.00023323i, -0.00023401-0.00043812i, +0.00027213+0.00025694i, -0.00017622-0.00013249i, -0.00027595+0.00073930i, -0.00015837+0.00003213i, -0.00008080-0.00074609i
+0.00019790-0.00022058i, +0.00018934+0.00019451i, -0.00038181-0.00006371i, -0.00008486-0.00014446i, -0.00006913+0.00019239i, -0.00012742+0.00015498i, +0.00012204+0.00009785i, +0.00006884-0.00020151i, +0.00021320-0.00001545i, +0.00012315+0.00035060i, -0.00016328-0.00017193i, +0.00019723-0.00023128i, +0.00023579+0.00019596i, -0.00004120-0.00000656i, +0.00009488-0.00010654i, -0.00004336-0.00007108i, +0.00018568+0.00030668i, +0.00003420+0.00008310i, +0.01543566-0.00000000i, +0.00004957+0.00022728i, -0.00049284-0.00017473i, +0.00015321-0.00020962i, -0.00033348+0.00009279i, +0.00007007+0.00010238i, +0.00004175-0.00001903i, +0.00010679+0.00017115i, +0.00011969-0.00037611i, +0.00014487-0.00008940i, -0.00013525+0.00013906i, +0.00009532-0.00021776i, +0.00026545+0.00012790i, +0.00045405-0.00018736i, -0.00019285-0.00013032i, -0.00006972+0.00015304i, +0.00041121+0.00007832i, -0.00009076+0.00000219i, -0.00005430+0.00006822i, +0.00001032-0.00007805i, +0.00007087-0.00004186i, -0.00017844+0.00015678i, -0.00024075+0.00014667i, -0.00021822-0.00011962i, +0.00012638-0.00003253i, +0.00014401-0.00010024i, -0.00002287+0.00001139i, -0.00009874-0.00000926i, +0.00013852-0.00025221i, +0.00023492-0.00010080i, -0.00017151-0.00005765i, +0.00001658-0.00008978i, -0.00026702+0.00082415i, -0.00010783-0.00017175i, +0.00009100+0.00003131i, +0.00006384-0.00008156i, -0.00004437-0.00006766i, +0.00003413-0.00007893i, +0.00013629-0.00009789i, -0.00005275+0.00004683i, +0.00028016-0.00015778i, -0.00011256-0.00007678i, +0.00018646-0.00013344i, -0.00031761-0.00007160i, +0.00017458+0.00003393i, +0.00036922+0.00016870i
+0.00034652-0.00004308i, +0.00033166+0.00045639i, -0.00003884-0.00009758i, -0.00057251-0.00013036i, -0.00009757+0.00046219i, -0.00018896+0.00048344i, -0.00008390+0.00009075i, -0.00021565+0.00005139i, +0.00048874+0.00013841i, +0.00000729+0.00050589i, -0.00039123-0.00024233i, +0.00038142-0.00045954i, +0.00021339+0.00013876i, -0.00023246-0.00007988i, +0.00031214-0.00015800i, +0.00006187-0.00017701i, +0.00001146+0.00057236i, -0.00024789+0.00034941i, +0.00004957-0.00022728i, +0.01565267+0.00000000i, -0.00092228-0.00028288i, +0.00057452-0.00027316i, -0.00070573+0.00011234i, +0.00028752+0.00064250i, +0.00009748-0.00011090i, -0.00010004+0.00049791i, +0.00000264-0.00037752i, +0.00051599-0.00020433i, -0.00011687+0.00024225i, -0.00036900+0.00015068i, -0.00023174+0.00056294i, +0.00030652-0.00049777i, -0.00021951-0.00011220i, -0.00014464+0.00033026i, +0.00008283+0.00002146i, +0.00022680+0.00034804i, +0.00025862+0.00020346i, +0.00004022-0.00009247i, -0.00027994-0.00005465i, +0.00033299+0.00025650i, -0.00004844+0.00052306i, -0.00046329-0.00012110i, -0.00014319-0.00022404i, +0.00030270-0.00026754i, -0.00004654-0.00001839i, +0.00000176+0.00005608i, +0.00036110-0.00043915i, +0.00031705-0.00046762i, -0.00036572-0.00013623i, +0.00006029-0.00008653i, -0.00004805+0.00041230i, -0.00048544+0.00025280i, +0.00006980+0.00018589i, -0.00011980+0.00010269i, +0.00023422-0.00016855i, -0.00029615+0.00001110i, +0.00022613-0.00019103i, -0.00044016-0.00009520i, +0.00047796-0.00017515i, -0.00058451+0.00014257i, +0.00026047-0.00010575i, -0.00047573-0.00009890i, +0.00002760-0.00007033i, +0.00081989-0.00000668i
-0.00037979+0.00054290i, -0.00113016-0.00056944i, +0.00017968+0.00015565i, +0.00031593-0.00021880i, -0.00047231-0.00094600i, +0.00049142-0.00078206i, -0.00028632-0.00019708i, +0.00047139-0.00009406i, -0.00084125-0.00003818i, -0.00061858-0.00088564i, +0.00099837+0.00029782i, -0.00025391+0.00068114i, -0.00092143-0.00007954i, +0.00032927-0.00024516i, -0.00003453+0.00053017i, +0.00005579+0.00035041i, -0.00045724-0.00018610i, -0.00065290-0.00080368i, -0.00049284+0.00017473i, -0.00092228+0.00028288i, +0.01687791-0.00000000i, +0.00013244+0.00100002i, +0.00118690-0.00064493i, -0.00100885-0.00083025i, -0.00053838+0.00051145i, -0.00026509-0.00076533i, -0.00004213+0.00066960i, -0.00004966+0.00018495i, -0.00046505-0.00067710i, +0.00011185-0.00002698i, -0.00000637-0.00038924i, -0.00053252+0.00080780i, +0.00060807-0.00023148i, +0.00001810-0.00071116i, -0.00026407+0.00019074i, +0.00019437+0.00003938i, -0.00014825-0.00039350i, +0.00016313+0.00013199i, +0.00050149+0.00015654i, -0.00022611-0.00020397i, +0.00000506-0.00077389i, +0.00095711-0.00006924i, +0.00042103+0.00023122i, +0.00006989+0.00054992i, -0.00015278-0.00005281i, -0.00001687+0.00009171i, -0.00013047+0.00078157i, -0.00020823+0.00097371i, +0.00055262-0.00004515i, -0.00006090+0.00017966i, +0.00006236-0.00089278i, +0.00041312-0.00014225i, -0.00033366+0.00018475i, +0.00009078-0.00021406i, +0.00011371+0.00047860i, +0.00052349-0.00011218i, -0.00063358+0.00042449i, +0.00051187-0.00001402i, -0.00054509+0.00072067i, +0.00048339-0.00068590i, +0.00015742+0.00029992i, +0.00106929-0.00029116i, -0.00017710+0.00016293i, -0.00119769+0.00050452i
+0.00013193+0.00027084i, -0.00015178+0.00105501i, +0.00008928-0.00013540i, -0.00019741-0.00011885i, -0.00026181+0.00020771i, -0.00054751+0.00007749i, -0.00012261+0.00028448i, +0.00011965-0.00036064i, +0.00003902+0.00029561i, -0.00042173+0.00057982i, -0.00022321-0.00051529i, +0.00055213-0.00012405i, +0.00010079+0.00042319i, -0.00064787-0.00010950i, +0.00030684-0.00011012i, +0.00011044-0.00002085i, -0.00024406+0.00027889i, -0.00030050+0.00026676i, +0.00015321+0.00020962i, +0.00057452+0.00027316i, +0.00013244-0.00100002i, +0.01588547-0.00000000i, -0.00071566-0.00072775i, -0.00036380+0.00075769i, +0.00030893+0.00010988i, -0.00035041+0.00021364i, +0.00015845-0.00015993i, +0.00065545-0.00018888i, -0.00038424+0.00017198i, -0.00060730-0.00040000i, -0.00008316+0.00003938i, +0.00068584+0.00010627i, -0.00023559-0.00021367i, -0.00008743-0.00003858i, -0.00002012+0.00008105i, -0.00002392+0.00002684i, +0.00008089+0.00005448i, +0.00023480-0.00018467i, -0.00002441-0.00045279i, -0.00018014+0.00014128i, -0.00040382+0.00019090i, -0.00022651-0.00044879i, +0.00010439-0.00035876i, +0.00026867-0.00017889i, -0.00016529+0.00001920i, -0.00008490+0.00006932i, +0.00044259-0.00026676i, +0.00054398-0.00011200i, -0.00019673-0.00027133i, +0.00011192+0.00019791i, -0.00035275+0.00029102i, -0.00026406-0.00002363i, +0.00001015+0.00023032i, -0.00026627+0.00025127i, +0.00028345-0.00010279i, -0.00034570-0.00031800i, +0.00015908+0.00022517i, -0.00033475-0.00017102i, +0.00050567-0.00000393i, -0.00054263+0.00004762i, +0.00026149-0.00011304i, -0.00026098-0.00072780i, +0.00021482+0.00007033i, +0.00047294+0.00053917i
-0.00051631+0.00012674i, -0.00048394-0.00068426i, +0.00018083+0.00021065i, +0.00023694-0.00006412i, +0.00028761-0.00097785i, +0.00051189-0.00028529i, -0.00011403-0.00017579i, +0.00032125+0.00013382i, -0.00031410-0.00023517i, -0.00011395-0.00074337i, +0.00062518+0.00038321i, -0.00052765+0.00036219i, -0.00028421-0.00013239i, +0.00006072-0.00013941i, -0.00043447+0.00018691i, -0.00009307+0.00032414i, -0.00019159-0.00016136i, -0.00004023-0.00074147i, -0.00033348-0.00009279i, -0.00070573-0.00011234i, +0.00118690+0.00064493i, -0.00071566+0.00072775i, +0.01675433-0.00000000i, -0.00032575-0.00110217i, -0.00033021+0.00032386i, -0.00005917-0.00062523i, -0.00007435+0.00072259i, -0.00008060+0.00038349i, +0.00022379-0.00040291i, +0.00007009-0.00013913i, -0.00015591-0.00058220i, -0.00031388+0.00041488i, +0.00026417+0.00023236i, +0.00018787-0.00030111i, -0.00017577+0.00021015i, +0.00006433-0.00005725i, -0.00026241-0.00020786i, +0.00006467+0.00003493i, +0.00039579+0.00009935i, -0.00009903-0.00024266i, +0.00016809-0.00047464i, +0.00055792+0.00009316i, +0.00000694+0.00017217i, -0.00015971+0.00052303i, +0.00016370+0.00005084i, -0.00007590+0.00014516i, -0.00037871+0.00048488i, -0.00038855+0.00046375i, +0.00031480+0.00013102i, -0.00009162+0.00025407i, +0.00027307-0.00039473i, +0.00041378+0.00006095i, -0.00004491-0.00011830i, +0.00008408-0.00012280i, +0.00002780+0.00065214i, +0.00039158-0.00011840i, -0.00060958+0.00003406i, +0.00028865+0.00012722i, -0.00061291+0.00027761i, +0.00047717-0.00037780i, -0.00016925+0.00018296i, +0.00081068+0.00022607i, -0.00014543-0.00007952i, -0.00108617-0.00010638i
-0.00003317-0.00012756i, +0.00103331-0.00051761i, -0.00017339+0.00008323i, +0.00006787+0.00036389i, +0.00054311+0.00023464i, +0.00025949+0.00073785i, +0.00009902-0.00006901i, -0.00029086+0.00040624i, +0.00042741-0.00026902i, +0.00075267+0.00003819i, -0.00063509+0.00048671i, -0.00016955-0.00063565i, +0.00039402-0.00036579i, -0.00010757+0.00029610i, -0.00022143-0.00053685i, -0.00061039-0.00030571i, +0.00021964+0.00018543i, +0.00051664-0.00008397i, +0.00007007-0.00010238i, +0.00028752-0.00064250i, -0.00100885+0.00083025i, -0.00036380-0.00075769i, -0.00032575+0.00110217i, +0.01649922-0.00000000i, -0.00005283-0.00027202i, +0.00041038+0.00026216i, -0.00082707-0.00053191i, -0.00005881-0.00041037i, +0.00044311-0.00001546i, -0.00002382+0.00011628i, +0.00050701+0.00035899i, -0.00030548-0.00062200i, -0.00013986+0.00025935i, +0.00020681+0.00039638i, +0.00013573-0.00025779i, -0.00003446+0.00015542i, +0.00015499-0.00012327i, -0.00022187+0.00002095i, -0.00045544+0.00025997i, +0.00029062-0.00032256i, +0.00023324+0.00044309i, -0.00039806+0.00053640i, -0.00026395+0.00011681i, -0.00060400-0.00028158i, -0.00011102+0.00009528i, -0.00013310-0.00017297i, -0.00031848-0.00032059i, -0.00051515-0.00044880i, -0.00028683+0.00024289i, -0.00012079-0.00029798i, +0.00054146+0.00039191i, -0.00015898+0.00022062i, +0.00031189-0.00004878i, +0.00002995+0.00003481i, -0.00034374-0.00020779i, -0.00020544+0.00076759i, -0.00000470-0.00040396i, -0.00016182+0.00042943i, -0.00009386-0.00068697i, +0.00013331+0.00061469i, -0.00007163-0.00019403i, -0.00027401+0.00058591i, -0.00004973-0.00013875i, +0.00035128-0.00103313i
-0.00004463-0.00013118i, +0.00034021+0.00033904i, -0.00009842-0.00019396i, -0.00021861-0.00000968i, -0.00017189+0.00046275i, -0.00028533+0.00008402i, -0.00006887+0.00018957i, -0.00004353+0.00012069i, +0.00025653+0.00009284i, -0.00007305+0.00037514i, -0.00015642-0.00019988i, +0.00034178-0.00020992i, -0.00023147+0.00026871i, -0.00029779-0.00007708i, +0.00038337-0.00006297i, -0.00005723-0.00020793i, -0.00001449+0.00004579i, +0.00000769+0.00007652i, +0.00004175+0.00001903i, +0.00009748+0.00011090i, -0.00053838-0.00051145i, +0.00030893-0.00010988i, -0.00033021-0.00032386i, -0.00005283+0.00027202i, +0.01571052-0.00000000i, +0.00054787+0.00043126i, +0.00031604-0.00019352i, +0.00021907-0.00019829i, -0.00010799+0.00029587i, -0.00014803-0.00024504i, -0.00012366+0.00013143i, +0.00036940-0.00026286i, -0.00013240-0.00010193i, -0.00017097+0.00000739i, -0.00001564-0.00000792i, -0.00005551+0.00001105i, +0.00018077+0.00024454i, -0.00001895-0.00004859i, +0.00006448-0.00018689i, +0.00011629+0.00015967i, -0.00045699+0.00042571i, -0.00030050-0.00026245i, -0.00008702-0.00017033i, +0.00006217-0.00039215i, +0.00018267+0.00013603i, +0.00007624+0.00001542i, +0.00027116-0.00014083i, +0.00020646-0.00008195i, -0.00021832-0.00012336i, +0.00005881+0.00001215i, -0.00018741+0.00016722i, -0.00026594+0.00003780i, +0.00004145+0.00000347i, -0.00012605+0.00009920i, -0.00004818-0.00005070i, -0.00002973-0.00023088i, +0.00020766+0.00029853i, -0.00000984-0.00008391i, +0.00015266-0.00009296i, -0.00018077+0.00006999i, -0.00006408-0.00027913i, -0.00025628-0.00015933i, +0.00018739+0.00017182i, +0.00031818+0.00012311i
