+0.03688186-0.00000000i, -0.00214494-0.00056332i, -0.00182002-0.00210050i, -0.00048378+0.00119903i, -0.00246536+0.00114003i, +0.00243574+0.00082060i, +0.00203573+0.00169304i, -0.00039338-0.00264012i, +0.00146061+0.00120707i, -0.00148141+0.00327848i, -0.00068005-0.00037771i, +0.00451708+0.00134386i, +0.00001580+0.00014434i, -0.00096231-0.00158799i, -0.00035944-0.00060346i, -0.00066026+0.00183287i, -0.00423854-0.00193363i, -0.00009160-0.00294957i, -0.00211807+0.00037584i, -0.00009680+0.00216839i, -0.00083939+0.00288402i, +0.00154353+0.00091404i, +0.00038373-0.00145816i, -0.00092402-0.00016507i, +0.00274691+0.00171135i, -0.00082561+0.00263914i, +0.00100875+0.00211134i, +0.00043475+0.00115409i, +0.00336558+0.00112015i, +0.00086008+0.00172242i, -0.00013689+0.00389475i, +0.00364799-0.00054291i
-0.00214494+0.00056332i, +0.03247968+0.00000000i, +0.00177656+0.00027525i, -0.00036245-0.00021822i, -0.00007891-0.00078202i, -0.00161097+0.00056427i, -0.00146619-0.00036452i, -0.00004340+0.00118867i, -0.00045723-0.00015125i, -0.00010598-0.00153943i, +0.00074822-0.00035382i, -0.00307349+0.00036857i, +0.00015976+0.00012874i, +0.00099216+0.00005897i, +0.00040082+0.00022070i, -0.00058327-0.00086947i, +0.00274937-0.00068094i, +0.00162571+0.00039954i, +0.00098730-0.00056152i, -0.00100461-0.00074072i, -0.00042647-0.00177695i, -0.00112889-0.00012832i, -0.00018445+0.00019629i, +0.00044228+0.00000780i, -0.00129618+0.00008970i, -0.00019912-0.00136475i, -0.00053111-0.00038305i, -0.00071500-0.00060521i, -0.00191595+0.00012704i, -0.00109754-0.00082531i, -0.00042159-0.00127746i, -0.00163743+0.00126408i
-0.00182002+0.00210050i, +0.00177656-0.00027525i, +0.03098958-0.00000000i, -0.00050004-0.00099886i, +0.00093220-0.00070398i, -0.00139755+0.00039789i, -0.00164066-0.00019630i, +0.00058199+0.00088691i, -0.00027528-0.00005550i, -0.00041946-0.00174219i, +0.00110904-0.00042541i, -0.00186682+0.00049860i, -0.00003685+0.00043378i, +0.00038881+0.00080941i, +0.00040919-0.00002375i, -0.00056636-0.00068508i, +0.00174181-0.00103249i, +0.00087034+0.00093621i, +0.00126175-0.00203547i, -0.00077284-0.00020603i, -0.00084700-0.00170910i, -0.00090001+0.00031334i, +0.00117494+0.00109117i, +0.00062818-0.00014511i, -0.00139995+0.00000462i, -0.00070848-0.00165383i, -0.00064704-0.00042926i, -0.00069497-0.00035526i, -0.00107478+0.00106704i, -0.00065079-0.00013765i, -0.00050481-0.00164354i, -0.00054088+0.00138026i
-0.00048378-0.00119903i, -0.00036245+0.00021822i, -0.00050004+0.00099886i, +0.03064075-0.00000000i, +0.00018489+0.00033092i, -0.00005738-0.00045768i, -0.00005141-0.00022406i, -0.00065455+0.00047944i, -0.00020908-0.00068880i, +0.00115421-0.00027323i, -0.00046738+0.00040496i, +0.00059917-0.00061185i, -0.00040697+0.00046771i, -0.00018989-0.00024813i, -0.00062931+0.00045789i, +0.00038783-0.00056090i, +0.00018097+0.00130255i, -0.00023480-0.00004511i, +0.00066859+0.00052897i, +0.00073546-0.00097984i, +0.00088235-0.00030815i, +0.00014031-0.00012610i, -0.00019559-0.00003709i, +0.00029496+0.00071591i, +0.00053759-0.00070477i, +0.00050759+0.00006575i, +0.00041305-0.00049119i, +0.00029532-0.00000968i, -0.00016894-0.00064755i, -0.00017355-0.00061550i, +0.00090394-0.00046219i, -0.00056841-0.00046525i
-0.00246536-0.00114003i, -0.00007891+0.00078202i, +0.00093220+0.00070398i, +0.00018489-0.00033092i, +0.03000411-0.00000000i, -0.00063084-0.00053898i, -0.00025931-0.00090180i, -0.00067380+0.00062738i, +0.00006484-0.00052730i, +0.00072739-0.00128739i, +0.00021156+0.00046084i, -0.00091018-0.00130835i, -0.00028861+0.00032749i, -0.00029511+0.00129182i, +0.00006955+0.00058213i, +0.00054836-0.00048061i, +0.00105988+0.00118318i, -0.00063546+0.00143868i, +0.00079177+0.00024950i, +0.00047608-0.00083496i, +0.00038796-0.00186846i, -0.00053909-0.00033792i, -0.00030922+0.00081596i, +0.00042519-0.00000214i, -0.00031371-0.00056711i, +0.00062023-0.00061067i, +0.00048575-0.00144756i, +0.00041833-0.00055141i, -0.00040179-0.00071344i, -0.00019885-0.00079138i, +0.00093129-0.00080007i, -0.00090792-0.00061666i
+0.00243574-0.00082060i, -0.00161097-0.00056427i, -0.00139755-0.00039789i, -0.00005738+0.00045768i, -0.00063084+0.00053898i, +0.03105598-0.00000000i, +0.00152585+0.00052911i, -0.00097425-0.00062110i, +0.00042187+0.00027671i, +0.00035944+0.00182501i, -0.00076465+0.00054602i, +0.00161102+0.00004802i, +0.00040869+0.00031081i, -0.00080126-0.00015266i, -0.00027033-0.00039906i, +0.00019837+0.00077118i, -0.00237584+0.00064124i, -0.00055587-0.00128328i, -0.00040073+0.00092359i, +0.00023948+0.00122788i, +0.00045013+0.00170022i, +0.00096453-0.00058710i, -0.00009554-0.00073388i, -0.00065830-0.00003925i, +0.00150702+0.00019587i, -0.00011426+0.00162727i, +0.00072103+0.00073537i, -0.00037453+0.00066831i, +0.00150991+0.00007095i, +0.00138230+0.00062780i, +0.00036940+0.00180254i, +0.00160792-0.00086284i
+0.00203573-0.00169304i, -0.00146619+0.00036452i, -0.00164066+0.00019630i, -0.00005141+0.00022406i, -0.00025931+0.00090180i, +0.00152585-0.00052911i, +0.03148177-0.00000000i, -0.00127703-0.00193284i, +0.00059886+0.00021273i, +0.00125578+0.00187454i, -0.00002917+0.00043302i, +0.00221899-0.00137382i, +0.00043709+0.00035333i, -0.00098869+0.00012113i, -0.00138709+0.00032527i, +0.00063940+0.00064468i, -0.00190694+0.00129416i, -0.00143712-0.00106560i, -0.00064694+0.00146431i, +0.00080782+0.00053985i, +0.00107913+0.00196187i, +0.00037510-0.00059215i, +0.00014817-0.00177072i, -0.00060867+0.00052557i, +0.00154678-0.00028658i, +0.00095060+0.00168386i, +0.00091377+0.00073334i, +0.00050850+0.00008895i, +0.00156490-0.00110262i, +0.00090190-0.00022054i, +0.00129407+0.00151928i, +0.00063689-0.00154058i
-0.00039338+0.00264012i, -0.00004340-0.00118867i, +0.00058199-0.00088691i, -0.00065455-0.00047944i, -0.00067380-0.00062738i, -0.00097425+0.00062110i, -0.00127703+0.00193284i, +0.03093454+0.00000000i, -0.00036214+0.00058317i, -0.00134649-0.00061120i, +0.00070751-0.00038844i, -0.00073378+0.00226589i, -0.00029419-0.00053315i, +0.00082289-0.00057926i, +0.00003104-0.00033053i, -0.00128010-0.00048966i, +0.00053638-0.00175398i, +0.00127298-0.00024567i, -0.00052227-0.00098302i, -0.00081091+0.00011760i, -0.00105436-0.00016510i, +0.00002121+0.00078900i, +0.00069163+0.00007244i, +0.00024018-0.00142653i, -0.00067022+0.00107757i, -0.00134725-0.00003878i, -0.00103901-0.00001921i, -0.00047769+0.00041043i, -0.00050813+0.00127979i, -0.00054007+0.00056549i, -0.00136132+0.00007200i, +0.00061269+0.00132577i
+0.00146061-0.00120707i, -0.00045723+0.00015125i, -0.00027528+0.00005550i, -0.00020908+0.00068880i, +0.00006484+0.00052730i, +0.00042187-0.00027671i, +0.00059886-0.00021273i, -0.00036214-0.00058317i, +0.03007377+0.00000000i, +0.00033234+0.00119716i, -0.00055777-0.00005289i, +0.00071453-0.00017296i, +0.00044097-0.00050553i, -0.00029555+0.00030344i, -0.00018199-0.00064389i, +0.00043789+0.00114489i, -0.00125613+0.00062322i, -0.00081196-0.00063733i, -0.00053362+0.00007654i, +0.00024857+0.00018624i, +0.00020963+0.00000989i, +0.00009801-0.00006624i, +0.00004836+0.00014387i, -0.00007537+0.00048362i, +0.00025507-0.00058408i, -0.00005866+0.00069762i, +0.00002161+0.00005247i, +0.00025822+0.00008746i, +0.00053123-0.00035635i, +0.00076421+0.00009113i, +0.00074709+0.00054217i, +0.00071039-0.00048450i
-0.00148141-0.00327848i, -0.00010598+0.00153943i, -0.00041946+0.00174219i, +0.00115421+0.00027323i, +0.00072739+0.00128739i, +0.00035944-0.00182501i, +0.00125578-0.00187454i, -0.00134649+0.00061120i, +0.00033234-0.00119716i, +0.03232752-0.00000000i, +0.00024791+0.00121242i, -0.00045399-0.00329466i, -0.00027154-0.00033636i, -0.00036316+0.00055618i, -0.00050440+0.00065155i, +0.00116575-0.00072482i, -0.00000704+0.00356612i, -0.00183971+0.00127915i, +0.00102431+0.00118554i, +0.00133890-0.00044516i, +0.00244512+0.00015920i, +0.00016871-0.00104439i, -0.00085919+0.00020341i, -0.00006550+0.00063542i, +0.00023805-0.00178417i, +0.00193426-0.00041197i, +0.00149440-0.00052518i, +0.00065091-0.00032783i, +0.00013784-0.00176648i, +0.00100818-0.00097713i, +0.00264241-0.00022878i, -0.00106443-0.00210515i
-0.00068005+0.00037771i, +0.00074822+0.00035382i, +0.00110904+0.00042541i, -0.00046738-0.00040496i, +0.00021156-0.00046084i, -0.00076465-0.00054602i, -0.00002917-0.00043302i, +0.00070751+0.00038844i, -0.00055777+0.00005289i, +0.00024791-0.00121242i, +0.02924216-0.00000000i, -0.00065615-0.00044412i, -0.00001278-0.00012793i, +0.00041561+0.00048629i, +0.00001072-0.00013397i, -0.00026799-0.00053851i, +0.00109248+0.00026448i, -0.00024170+0.00035499i, +0.00019159+0.00040281i, +0.00007994-0.00011487i, +0.00036914-0.00006805i, -0.00016142-0.00019116i, -0.00004197+0.00052326i, +0.00030560+0.00010408i, -0.00013382-0.00010937i, -0.00014898-0.00054599i, -0.00041981-0.00019585i, +0.00020337+0.00002170i, -0.00014208-0.00016988i, +0.00049436-0.00037065i, +0.00015792-0.00074521i, -0.00061743-0.00023996i
+0.00451708-0.00134386i, -0.00307349-0.00036857i, -0.00186682-0.00049860i, +0.00059917+0.00061185i, -0.00091018+0.00130835i, +0.00161102-0.00004802i, +0.00221899+0.00137382i, -0.00073378-0.00226589i, +0.00071453+0.00017296i, -0.00045399+0.00329466i, -0.00065615+0.00044412i, +0.03363292-0.00000000i, -0.00029940+0.00043278i, -0.00142945-0.00012168i, -0.00109859-0.00003058i, +0.00032349+0.00139153i, -0.00379130+0.00080680i, -0.00142221-0.00197875i, -0.00186385+0.00100846i, +0.00029031+0.00211020i, +0.00002401+0.00305130i, +0.00113862-0.00028190i, +0.00016672-0.00109481i, -0.00074068+0.00008612i, +0.00242785+0.00027062i, -0.00007422+0.00278650i, +0.00115999+0.00166398i, +0.00044483+0.00048805i, +0.00270372+0.00045250i, +0.00137625+0.00099080i, +0.00052149+0.00331915i, +0.00244555-0.00174561i
+0.00001580-0.00014434i, +0.00015976-0.00012874i, -0.00003685-0.00043378i, -0.00040697-0.00046771i, -0.00028861-0.00032749i, +0.00040869-0.00031081i, +0.00043709-0.00035333i, -0.00029419+0.00053315i, +0.00044097+0.00050553i, -0.00027154+0.00033636i, -0.00001278+0.00012793i, -0.00029940-0.00043278i, +0.02921134-0.00000000i, +0.00042365+0.00058534i, +0.00007576+0.00034366i, -0.00014244+0.00016170i, -0.00017560-0.00033641i, +0.00010800+0.00017506i, +0.00039840-0.00037803i, +0.00027999+0.00046767i, -0.00017315+0.00031099i, +0.00003973-0.00004365i, +0.00006045-0.00010504i, -0.00015566+0.00011675i, -0.00009847-0.00009693i, -0.00008226+0.00011662i, -0.00004456-0.00023498i, +0.00001823-0.00004115i, -0.00027901-0.00049232i, +0.00011630+0.00006190i, -0.00032069-0.00012689i, +0.00004081+0.00040942i
-0.00096231+0.00158799i, +0.00099216-0.00005897i, +0.00038881-0.00080941i, -0.00018989+0.00024813i, -0.00029511-0.00129182i, -0.00080126+0.00015266i, -0.00098869-0.00012113i, +0.00082289+0.00057926i, -0.00029555-0.00030344i, -0.00036316-0.00055618i, +0.00041561-0.00048629i, -0.00142945+0.00012168i, +0.00042365-0.00058534i, +0.03018595-0.00000000i, +0.00018556+0.00033766i, -0.00000767-0.00029907i, +0.00115636-0.00092159i, +0.00079869+0.00073637i, +0.00121418-0.00058507i, -0.00068109-0.00058100i, -0.00055439-0.00022192i, -0.00060329-0.00005290i, +0.00013169+0.00053002i, +0.00009415+0.00038958i, -0.00112217+0.00011622i, -0.00064181-0.00115087i, -0.00053406-0.00023786i, -0.00023380+0.00010471i, -0.00098275+0.00011892i, -0.00080199-0.00034737i, -0.00054556-0.00064338i, -0.00053238+0.00091802i
-0.00035944+0.00060346i, +0.00040082-0.00022070i, +0.00040919+0.00002375i, -0.00062931-0.00045789i, +0.00006955-0.00058213i, -0.00027033+0.00039906i, -0.00138709-0.00032527i, +0.00003104+0.00033053i, -0.00018199+0.00064389i, -0.00050440-0.00065155i, +0.00001072+0.00013397i, -0.00109859+0.00003058i, +0.00007576-0.00034366i, +0.00018556-0.00033766i, +0.02992432-0.00000000i, -0.00038017-0.00116293i, +0.00124366-0.00038099i, +0.00102217+0.00080142i, +0.00055789-0.00084703i, -0.00041545-0.00036943i, -0.00054680-0.00076656i, -0.00046328+0.00030603i, -0.00003472+0.00041141i, +0.00045514-0.00008944i, -0.00016378+0.00019637i, -0.00047432-0.00059342i, -0.00022549-0.00044133i, -0.00026989-0.00003635i, -0.00018518-0.00005783i, -0.00073554+0.00032249i, -0.00061064-0.00076372i, -0.00069523+0.00072590i
-0.00066026-0.00183287i, -0.00058327+0.00086947i, -0.00056636+0.00068508i, +0.00038783+0.00056090i, +0.00054836+0.00048061i, +0.00019837-0.00077118i, +0.00063940-0.00064468i, -0.00128010+0.00048966i, +0.00043789-0.00114489i, +0.00116575+0.00072482i, -0.00026799+0.00053851i, +0.00032349-0.00139153i, -0.00014244-0.00016170i, -0.00000767+0.00029907i, -0.00038017+0.00116293i, +0.03062167-0.00000000i, -0.00025803+0.00139905i, -0.00098879+0.00025552i, +0.00039061+0.00053113i, +0.00118484-0.00026582i, +0.00126021-0.00018036i, +0.00035155-0.00021969i, -0.00049117+0.00013185i, -0.00070304+0.00062414i, -0.00013277-0.00060421i, +0.00141162+0.00003079i, +0.00043256-0.00043425i, +0.00020067-0.00005337i, +0.00052155-0.00137622i, +0.00052709-0.00041936i, +0.00130049-0.00017437i, -0.00105243-0.00146309i
-0.00423854+0.00193363i, +0.00274937+0.00068094i, +0.00174181+0.00103249i, +0.00018097-0.00130255i, +0.00105988-0.00118318i, -0.00237584-0.00064124i, -0.00190694-0.00129416i, +0.00053638+0.00175398i, -0.00125613-0.00062322i, -0.00000704-0.00356612i, +0.00109248-0.00026448i, -0.00379130-0.00080680i, -0.00017560+0.00033641i, +0.00115636+0.00092159i, +0.00124366+0.00038099i, -0.00025803-0.00139905i, +0.03508969-0.00000000i, +0.00069972+0.00344758i, +0.00172837-0.00103789i, -0.00010046-0.00116810i, -0.00041687-0.00218684i, -0.00125171-0.00027717i, -0.00016079+0.00154191i, +0.00098788-0.00022942i, -0.00237476-0.00157748i, +0.00083620-0.00228573i, -0.00112853-0.00158738i, -0.00055107-0.00054049i, -0.00269460-0.00046359i, -0.00113369-0.00114745i, +0.00030309-0.00349019i, -0.00333288+0.00105442i
-0.00009160+0.00294957i, +0.00162571-0.00039954i, +0.00087034-0.00093621i, -0.00023480+0.00004511i, -0.00063546-0.00143868i, -0.00055587+0.00128328i, -0.00143712+0.00106560i, +0.00127298+0.00024567i, -0.00081196+0.00063733i, -0.00183971-0.00127915i, -0.00024170-0.00035499i, -0.00142221+0.00197875i, +0.00010800-0.00017506i, +0.00079869-0.00073637i, +0.00102217-0.00080142i, -0.00098879-0.00025552i, +0.00069972-0.00344758i, +0.03151031-0.00000000i, +0.00041533-0.00148629i, -0.00112492-0.00086542i, -0.00177470-0.00000866i, -0.00044324+0.00100610i, +0.00064458+0.00056944i, -0.00007388-0.00038437i, -0.00100598+0.00099943i, -0.00128852-0.00095519i, -0.00125056-0.00016731i, -0.00094012+0.00000482i, -0.00046453+0.00120902i, -0.00160037+0.00146958i, -0.00204748-0.00043201i, +0.00029869+0.00268303i
-0.00211807-0.00037584i, +0.00098730+0.00056152i, +0.00126175+0.00203547i, +0.00066859-0.00052897i, +0.00079177-0.00024950i, -0.00040073-0.00092359i, -0.00064694-0.00146431i, -0.00052227+0.00098302i, -0.00053362-0.00007654i, +0.00102431-0.00118554i, +0.00019159-0.00040281i, -0.00186385-0.00100846i, +0.00039840+0.00037803i, +0.00121418+0.00058507i, +0.00055789+0.00084703i, +0.00039061-0.00053113i, +0.00172837+0.00103789i, +0.00041533+0.00148629i, +0.03090748-0.00000000i, +0.00036943-0.00143641i, +0.00104121-0.00130492i, -0.00112097-0.00051619i, -0.00135189+0.00116270i, +0.00049699+0.00078880i, -0.00058629-0.00055237i, +0.00093698-0.00134434i, -0.00015769-0.00146510i, +0.00021224-0.00067849i, -0.00055899-0.00149934i, -0.00073077-0.00063753i, +0.00081894-0.00229804i, -0.00154097+0.00037078i
-0.00009680-0.00216839i, -0.00100461+0.00074072i, -0.00077284+0.00020603i, +0.00073546+0.00097984i, +0.00047608+0.00083496i, +0.00023948-0.00122788i, +0.00080782-0.00053985i, -0.00081091-0.00011760i, +0.00024857-0.00018624i, +0.00133890+0.00044516i, +0.00007994+0.00011487i, +0.00029031-0.00211020i, +0.00027999-0.00046767i, -0.00068109+0.00058100i, -0.00041545+0.00036943i, +0.00118484+0.00026582i, -0.00010046+0.00116810i, -0.00112492+0.00086542i, +0.00036943+0.00143641i, +0.03047793-0.00000000i, +0.00119267+0.00031455i, +0.00049028-0.00046868i, -0.00100569-0.00041290i, -0.00017634+0.00121882i, +0.00037112-0.00074844i, +0.00107050+0.00036423i, +0.00047939-0.00011257i, -0.00033054-0.00082700i, +0.00038994-0.00133634i, +0.00015996+0.00037900i, +0.00088913-0.00001784i, -0.00046953-0.00171489i
-0.00083939-0.00288402i, -0.00042647+0.00177695i, -0.00084700+0.00170910i, +0.00088235+0.00030815i, +0.00038796+0.00186846i, +0.00045013-0.00170022i, +0.00107913-0.00196187i, -0.00105436+0.00016510i, +0.00020963-0.00000989i, +0.00244512-0.00015920i, +0.00036914+0.00006805i, +0.00002401-0.00305130i, -0.00017315-0.00031099i, -0.00055439+0.00022192i, -0.00054680+0.00076656i, +0.00126021+0.00018036i, -0.00041687+0.00218684i, -0.00177470+0.00000866i, +0.00104121+0.00130492i, +0.00119267-0.00031455i, +0.03117837-0.00000000i, -0.00010746+0.00006758i, -0.00093413+0.00042952i, -0.00027452+0.00032222i, +0.00128509-0.00160283i, +0.00196082+0.00035446i, +0.00084562-0.00069782i, +0.00003107+0.00027391i, +0.00030617-0.00163273i, +0.00097174-0.00085690i, +0.00229817-0.00062464i, -0.00092523-0.00203061i
+0.00154353-0.00091404i, -0.00112889+0.00012832i, -0.00090001-0.00031334i, +0.00014031+0.00012610i, -0.00053909+0.00033792i, +0.00096453+0.00058710i, +0.00037510+0.00059215i, +0.00002121-0.00078900i, +0.00009801+0.00006624i, +0.00016871+0.00104439i, -0.00016142+0.00019116i, +0.00113862+0.00028190i, +0.00003973+0.00004365i, -0.00060329+0.00005290i, -0.00046328-0.00030603i, +0.00035155+0.00021969i, -0.00125171+0.00027717i, -0.00044324-0.00100610i, -0.00112097+0.00051619i, +0.00049028+0.00046868i, -0.00010746-0.00006758i, +0.03006692-0.00000000i, +0.00001634-0.00051748i, -0.00043302-0.00056643i, +0.00034574+0.00029228i, +0.00067883+0.00082921i, -0.00013606+0.00064311i, +0.00050717+0.00077226i, +0.00137741+0.00013227i, +0.00066370+0.00068953i, -0.00012552+0.00140307i, +0.00086733-0.00067030i
+0.00038373+0.00145816i, -0.00018445-0.00019629i, +0.00117494-0.00109117i, -0.00019559+0.00003709i, -0.00030922-0.00081596i, -0.00009554+0.00073388i, +0.00014817+0.00177072i, +0.00069163-0.00007244i, +0.00004836-0.00014387i, -0.00085919-0.00020341i, -0.00004197-0.00052326i, +0.00016672+0.00109481i, +0.00006045+0.00010504i, +0.00013169-0.00053002i, -0.00003472-0.00041141i, -0.00049117-0.00013185i, -0.00016079-0.00154191i, +0.00064458-0.00056944i, -0.00135189-0.00116270i, -0.00100569+0.00041290i, -0.00093413-0.00042952i, +0.00001634+0.00051748i, +0.03026561-0.00000000i, -0.00048252-0.00124979i, -0.00029674+0.00019730i, -0.00092844+0.00045892i, -0.00083169+0.00004515i, -0.00016262+0.00040567i, +0.00004777+0.00026068i, -0.00048480+0.00014234i, -0.00157906+0.00051262i, +0.00076995+0.00062156i
-0.00092402+0.00016507i, +0.00044228-0.00000780i, +0.00062818+0.00014511i, +0.00029496-0.00071591i, +0.00042519+0.00000214i, -0.00065830+0.00003925i, -0.00060867-0.00052557i, +0.00024018+0.00142653i, -0.00007537-0.00048362i, -0.00006550-0.00063542i, +0.00030560-0.00010408i, -0.00074068-0.00008612i, -0.00015566-0.00011675i, +0.00009415-0.00038958i, +0.00045514+0.00008944i, -0.00070304-0.00062414i, +0.00098788+0.00022942i, -0.00007388+0.00038437i, +0.00049699-0.00078880i, -0.00017634-0.00121882i, -0.00027452-0.00032222i, -0.00043302+0.00056643i, -0.00048252+0.00124979i, +0.03034781+0.00000000i, -0.00112986+0.00001737i, -0.00041542+0.00018715i, -0.00000747-0.00023606i, -0.00020098-0.00006852i, -0.00072739-0.00003815i, +0.00002036-0.00010212i, +0.00000718-0.00102618i, -0.00068177+0.00091096i
+0.00274691-0.00171135i, -0.00129618-0.00008970i, -0.00139995-0.00000462i, +0.00053759+0.00070477i, -0.00031371+0.00056711i, +0.00150702-0.00019587i, +0.00154678+0.00028658i, -0.00067022-0.00107757i, +0.00025507+0.00058408i, +0.00023805+0.00178417i, -0.00013382+0.00010937i, +0.00242785-0.00027062i, -0.00009847+0.00009693i, -0.00112217-0.00011622i, -0.00016378-0.00019637i, -0.00013277+0.00060421i, -0.00237476+0.00157748i, -0.00100598-0.00099943i, -0.00058629+0.00055237i, +0.00037112+0.00074844i, +0.00128509+0.00160283i, +0.00034574-0.00029228i, -0.00029674-0.00019730i, -0.00112986-0.00001737i, +0.03127501-0.00000000i, +0.00033783+0.00213249i, +0.00054646+0.00091684i, +0.00036890+0.00035906i, +0.00234968-0.00086521i, +0.00073318+0.00041227i, +0.00071457+0.00141062i, +0.00160900-0.00115304i
-0.00082561-0.00263914i, -0.00019912+0.00136475i, -0.00070848+0.00165383i, +0.00050759-0.00006575i, +0.00062023+0.00061067i, -0.00011426-0.00162727i, +0.00095060-0.00168386i, -0.00134725+0.00003878i, -0.00005866-0.00069762i, +0.00193426+0.00041197i, -0.00014898+0.00054599i, -0.00007422-0.00278650i, -0.00008226-0.00011662i, -0.00064181+0.00115087i, -0.00047432+0.00059342i, +0.00141162-0.00003079i, +0.00083620+0.00228573i, -0.00128852+0.00095519i, +0.00093698+0.00134434i, +0.00107050-0.00036423i, +0.00196082-0.00035446i, +0.00067883-0.00082921i, -0.00092844-0.00045892i, -0.00041542-0.00018715i, +0.00033783-0.00213249i, +0.03160550+0.00000000i, +0.00070805-0.00035535i, -0.00004188-0.00066047i, -0.00020235-0.00203177i, +0.00113693-0.00107031i, +0.00289657-0.00017770i, -0.00083346-0.00165781i
+0.00100875-0.00211134i, -0.00053111+0.00038305i, -0.00064704+0.00042926i, +0.00041305+0.00049119i, +0.00048575+0.00144756i, +0.00072103-0.00073537i, +0.00091377-0.00073334i, -0.00103901+0.00001921i, +0.00002161-0.00005247i, +0.00149440+0.00052518i, -0.00041981+0.00019585i, +0.00115999-0.00166398i, -0.00004456+0.00023498i, -0.00053406+0.00023786i, -0.00022549+0.00044133i, +0.00043256+0.00043425i, -0.00112853+0.00158738i, -0.00125056+0.00016731i, -0.00015769+0.00146510i, +0.00047939+0.00011257i, +0.00084562+0.00069782i, -0.00013606-0.00064311i, -0.00083169-0.00004515i, -0.00000747+0.00023606i, +0.00054646-0.00091684i, +0.00070805+0.00035535i, +0.03013513-0.00000000i, +0.00092138-0.00067021i, +0.00052627-0.00067895i, +0.00104367-0.00078983i, +0.00158962+0.00059368i, -0.00019492-0.00143004i
+0.00043475-0.00115409i, -0.00071500+0.00060521i, -0.00069497+0.00035526i, +0.00029532+0.00000968i, +0.00041833+0.00055141i, -0.00037453-0.00066831i, +0.00050850-0.00008895i, -0.00047769-0.00041043i, +0.00025822-0.00008746i, +0.00065091+0.00032783i, +0.00020337-0.00002170i, +0.00044483-0.00048805i, +0.00001823+0.00004115i, -0.00023380-0.00010471i, -0.00026989+0.00003635i, +0.00020067+0.00005337i, -0.00055107+0.00054049i, -0.00094012-0.00000482i, +0.00021224+0.00067849i, -0.00033054+0.00082700i, +0.00003107-0.00027391i, +0.00050717-0.00077226i, -0.00016262-0.00040567i, -0.00020098+0.00006852i, +0.00036890-0.00035906i, -0.00004188+0.00066047i, +0.00092138+0.00067021i, +0.02991676-0.00000000i, +0.00089476-0.00083995i, +0.00033484-0.00034841i, +0.00069643+0.00042087i, +0.00004661-0.00135523i
+0.00336558-0.00112015i, -0.00191595-0.00012704i, -0.00107478-0.00106704i, -0.00016894+0.00064755i, -0.00040179+0.00071344i, +0.00150991-0.00007095i, +0.00156490+0.00110262i, -0.00050813-0.00127979i, +0.00053123+0.00035635i, +0.00013784+0.00176648i, -0.00014208+0.00016988i, +0.00270372-0.00045250i, -0.00027901+0.00049232i, -0.00098275-0.00011892i, -0.00018518+0.00005783i, +0.00052155+0.00137622i, -0.00269460+0.00046359i, -0.00046453-0.00120902i, -0.00055899+0.00149934i, +0.00038994+0.00133634i, +0.00030617+0.00163273i, +0.00137741-0.00013227i, +0.00004777-0.00026068i, -0.00072739+0.00003815i, +0.00234968+0.00086521i, -0.00020235+0.00203177i, +0.00052627+0.00067895i, +0.00089476+0.00083995i, +0.03201626-0.00000000i, +0.00116949+0.00128855i, +0.00080842+0.00264333i, +0.00150525-0.00196536i
+0.00086008-0.00172242i, -0.00109754+0.00082531i, -0.00065079+0.00013765i, -0.00017355+0.00061550i, -0.00019885+0.00079138i, +0.00138230-0.00062780i, +0.00090190+0.00022054i, -0.00054007-0.00056549i, +0.00076421-0.00009113i, +0.00100818+0.00097713i, +0.00049436+0.00037065i, +0.00137625-0.00099080i, +0.00011630-0.00006190i, -0.00080199+0.00034737i, -0.00073554-0.00032249i, +0.00052709+0.00041936i, -0.00113369+0.00114745i, -0.00160037-0.00146958i, -0.00073077+0.00063753i, +0.00015996-0.00037900i, +0.00097174+0.00085690i, +0.00066370-0.00068953i, -0.00048480-0.00014234i, +0.00002036+0.00010212i, +0.00073318-0.00041227i, +0.00113693+0.00107031i, +0.00104367+0.00078983i, +0.00033484+0.00034841i, +0.00116949-0.00128855i, +0.03073233+0.00000000i, +0.00096822+0.00124237i, +0.00101547-0.00174699i
-0.00013689-0.00389475i, -0.00042159+0.00127746i, -0.00050481+0.00164354i, +0.00090394+0.00046219i, +0.00093129+0.00080007i, +0.00036940-0.00180254i, +0.00129407-0.00151928i, -0.00136132-0.00007200i, +0.00074709-0.00054217i, +0.00264241+0.00022878i, +0.00015792+0.00074521i, +0.00052149-0.00331915i, -0.00032069+0.00012689i, -0.00054556+0.00064338i, -0.00061064+0.00076372i, +0.00130049+0.00017437i, +0.00030309+0.00349019i, -0.00204748+0.00043201i, +0.00081894+0.00229804i, +0.00088913+0.00001784i, +0.00229817+0.00062464i, -0.00012552-0.00140307i, -0.00157906-0.00051262i, +0.00000718+0.00102618i, +0.00071457-0.00141062i, +0.00289657+0.00017770i, +0.00158962-0.00059368i, +0.00069643-0.00042087i, +0.00080842-0.00264333i, +0.00096822-0.00124237i, +0.03223131-0.00000000i, -0.00142309-0.00342270i
+0.00364799+0.00054291i, -0.00163743-0.00126408i, -0.00054088-0.00138026i, -0.00056841+0.00046525i, -0.00090792+0.00061666i, +0.00160792+0.00086284i, +0.00063689+0.00154058i, +0.00061269-0.00132577i, +0.00071039+0.00048450i, -0.00106443+0.00210515i, -0.00061743+0.00023996i, +0.00244555+0.00174561i, +0.00004081-0.00040942i, -0.00053238-0.00091802i, -0.00069523-0.00072590i, -0.00105243+0.00146309i, -0.00333288-0.00105442i, +0.00029869-0.00268303i, -0.00154097-0.00037078i, -0.00046953+0.00171489i, -0.00092523+0.00203061i, +0.00086733+0.00067030i, +0.00076995-0.00062156i, -0.00068177-0.00091096i, +0.00160900+0.00115304i, -0.00083346+0.00165781i, -0.00019492+0.00143004i, +0.00004661+0.00135523i, +0.00150525+0.00196536i, +0.00101547+0.00174699i, -0.00142309+0.00342270i, +0.03255565+0.00000000i
